chr1	0	1000000	1.11575
chr1	1000000	2000000	1.11575
chr1	2000000	3000000	1.11575
chr1	3000000	4000000	1.80707
chr1	4000000	5000000	2.50708
chr1	5000000	6000000	2.27971
chr1	6000000	7000000	2.13054
chr1	7000000	8000000	1.69054
chr1	8000000	9000000	1.21922
chr1	9000000	10000000	1.701
chr1	10000000	11000000	1.47022
chr1	11000000	12000000	3.06032
chr1	12000000	13000000	0.998319
chr1	13000000	14000000	1.83359
chr1	14000000	15000000	2.12662
chr1	15000000	16000000	2.33369
chr1	16000000	17000000	1.7821
chr1	17000000	18000000	1.7821
chr1	18000000	19000000	3.37568
chr1	19000000	20000000	2.13351
chr1	20000000	21000000	1.82372
chr1	21000000	22000000	1.26836
chr1	22000000	23000000	1.01267
chr1	23000000	24000000	1.37607
chr1	24000000	25000000	1.24234
chr1	25000000	26000000	0.531947
chr1	26000000	27000000	0.896887
chr1	27000000	28000000	0.85944
chr1	28000000	29000000	0.267323
chr1	29000000	30000000	1.29668
chr1	30000000	31000000	1.80378
chr1	31000000	32000000	1.84411
chr1	32000000	33000000	0.818903
chr1	33000000	34000000	0.702879
chr1	34000000	35000000	2.45759
chr1	35000000	36000000	0.477283
chr1	36000000	37000000	1.55925
chr1	37000000	38000000	1.73339
chr1	38000000	39000000	1.80859
chr1	39000000	40000000	1.60198
chr1	40000000	41000000	2.16969
chr1	41000000	42000000	0.888071
chr1	42000000	43000000	0.604508
chr1	43000000	44000000	0.796872
chr1	44000000	45000000	1.1232
chr1	45000000	46000000	0.355908
chr1	46000000	47000000	0.098774
chr1	47000000	48000000	1.57055
chr1	48000000	49000000	1.10592
chr1	49000000	50000000	0.275107
chr1	50000000	51000000	0.286012
chr1	51000000	52000000	0.259136
chr1	52000000	53000000	0.384883
chr1	53000000	54000000	1.38208
chr1	54000000	55000000	2.19835
chr1	55000000	56000000	1.26919
chr1	56000000	57000000	1.3642
chr1	57000000	58000000	1.98169
chr1	58000000	59000000	1.72525
chr1	59000000	60000000	2.22137
chr1	60000000	61000000	0.304457
chr1	61000000	62000000	2.20986
chr1	62000000	63000000	0.912259
chr1	63000000	64000000	1.39982
chr1	64000000	65000000	1.54701
chr1	65000000	66000000	0.575312
chr1	66000000	67000000	1.0568
chr1	67000000	68000000	1.72101
chr1	68000000	69000000	1.5768
chr1	69000000	70000000	0.842798
chr1	70000000	71000000	0.677975
chr1	71000000	72000000	1.27633
chr1	72000000	73000000	0.391037
chr1	73000000	74000000	0.106035
chr1	74000000	75000000	0.434266
chr1	75000000	76000000	0.662906
chr1	76000000	77000000	1.47582
chr1	77000000	78000000	0.991989
chr1	78000000	79000000	0.257212
chr1	79000000	80000000	0.937685
chr1	80000000	81000000	0.65562
chr1	81000000	82000000	1.81543
chr1	82000000	83000000	0.596247
chr1	83000000	84000000	0.641528
chr1	84000000	85000000	0.500065
chr1	85000000	86000000	1.41123
chr1	86000000	87000000	0.822212
chr1	87000000	88000000	0.886431
chr1	88000000	89000000	1.25756
chr1	89000000	90000000	0.962845
chr1	90000000	91000000	0.962845
chr1	91000000	92000000	1.02263
chr1	92000000	93000000	0.405478
chr1	93000000	94000000	0.853889
chr1	94000000	95000000	0.803616
chr1	95000000	96000000	0.825989
chr1	96000000	97000000	0.462033
chr1	97000000	98000000	0.449028
chr1	98000000	99000000	0.926606
chr1	99000000	100000000	1.07207
chr1	100000000	101000000	0.723826
chr1	101000000	102000000	0.357276
chr1	102000000	103000000	1.29089
chr1	103000000	104000000	0.14876
chr1	104000000	105000000	0.763288
chr1	105000000	106000000	1.21398
chr1	106000000	107000000	0.518749
chr1	107000000	108000000	0.822367
chr1	108000000	109000000	0.961474
chr1	109000000	110000000	1.39773
chr1	110000000	111000000	1.44397
chr1	111000000	112000000	0.974432
chr1	112000000	113000000	1.66002
chr1	113000000	114000000	1.39
chr1	114000000	115000000	0.682164
chr1	115000000	116000000	0.50805
chr1	116000000	117000000	1.86037
chr1	117000000	118000000	1.31627
chr1	118000000	119000000	0.354381
chr1	119000000	120000000	0.662781
chr1	120000000	121000000	0.28695
chr1	143000000	144000000	0.042354
chr1	144000000	145000000	0.042354
chr1	145000000	146000000	0.022535
chr1	146000000	147000000	0
chr1	147000000	148000000	0.254415
chr1	148000000	149000000	1.18831
chr1	149000000	150000000	1.18831
chr1	150000000	151000000	0.218956
chr1	151000000	152000000	0.856771
chr1	152000000	153000000	0.76571
chr1	153000000	154000000	0.610109
chr1	154000000	155000000	0.947186
chr1	155000000	156000000	1.25546
chr1	156000000	157000000	1.39976
chr1	157000000	158000000	1.03351
chr1	158000000	159000000	1.95224
chr1	159000000	160000000	2.16753
chr1	160000000	161000000	1.74346
chr1	161000000	162000000	1.13896
chr1	162000000	163000000	1.70872
chr1	163000000	164000000	1.41056
chr1	164000000	165000000	2.81021
chr1	165000000	166000000	1.61644
chr1	166000000	167000000	1.04086
chr1	167000000	168000000	2.28249
chr1	168000000	169000000	1.30773
chr1	169000000	170000000	1.45246
chr1	170000000	171000000	1.76566
chr1	171000000	172000000	0.648835
chr1	172000000	173000000	0.132118
chr1	173000000	174000000	1.26319
chr1	174000000	175000000	0.133073
chr1	175000000	176000000	1.33102
chr1	176000000	177000000	0.755905
chr1	177000000	178000000	0.8734
chr1	178000000	179000000	0.49525
chr1	179000000	180000000	0.51518
chr1	180000000	181000000	0.656214
chr1	181000000	182000000	1.83346
chr1	182000000	183000000	1.48939
chr1	183000000	184000000	1.05198
chr1	184000000	185000000	0.905121
chr1	185000000	186000000	0.482472
chr1	186000000	187000000	0.777922
chr1	187000000	188000000	0.836056
chr1	188000000	189000000	0.763551
chr1	189000000	190000000	0.370691
chr1	190000000	191000000	0.740561
chr1	191000000	192000000	0.158749
chr1	192000000	193000000	1.07066
chr1	193000000	194000000	1.46429
chr1	194000000	195000000	0.611659
chr1	195000000	196000000	0.288268
chr1	196000000	197000000	0.287619
chr1	197000000	198000000	0.665611
chr1	198000000	199000000	0.416733
chr1	199000000	200000000	0.645925
chr1	200000000	201000000	1.10941
chr1	201000000	202000000	3.24049
chr1	202000000	203000000	2.1805
chr1	203000000	204000000	1.9989
chr1	204000000	205000000	1.46629
chr1	205000000	206000000	1.6212
chr1	206000000	207000000	1.89244
chr1	207000000	208000000	0.475339
chr1	208000000	209000000	1.81887
chr1	209000000	210000000	1.61943
chr1	210000000	211000000	1.14636
chr1	211000000	212000000	0.579525
chr1	212000000	213000000	0.957879
chr1	213000000	214000000	1.85875
chr1	214000000	215000000	1.39385
chr1	215000000	216000000	0.357549
chr1	216000000	217000000	2.4471
chr1	217000000	218000000	1.69318
chr1	218000000	219000000	1.03463
chr1	219000000	220000000	0.463365
chr1	220000000	221000000	0.916776
chr1	221000000	222000000	0.836559
chr1	222000000	223000000	0.552677
chr1	223000000	224000000	0.847678
chr1	224000000	225000000	0.652775
chr1	225000000	226000000	0.631687
chr1	226000000	227000000	0.751111
chr1	227000000	228000000	0.95442
chr1	228000000	229000000	0.95442
chr1	229000000	230000000	0.826075
chr1	230000000	231000000	1.54
chr1	231000000	232000000	0.68
chr1	232000000	233000000	2.80769
chr1	233000000	234000000	1.77681
chr1	234000000	235000000	2.3057
chr1	235000000	236000000	2.47673
chr1	236000000	237000000	2.8672
chr1	237000000	238000000	2.41235
chr1	238000000	239000000	2.41235
chr1	239000000	240000000	2.19161
chr1	240000000	241000000	3.01897
chr1	241000000	242000000	2.32045
chr1	242000000	243000000	2.77015
chr1	243000000	244000000	0.89862
chr1	244000000	245000000	3.31838
chr1	245000000	246000000	3.25033
chr1	246000000	247000000	1.88017
chr1	247000000	248000000	1.92338
chr1	248000000	249000000	0.26911
chr2	0	1000000	3.0552
chr2	1000000	2000000	1.324
chr2	2000000	3000000	2.22475
chr2	3000000	4000000	2.39292
chr2	4000000	5000000	2.28167
chr2	5000000	6000000	2.35864
chr2	6000000	7000000	2.3582
chr2	7000000	8000000	3.46643
chr2	8000000	9000000	3.46177
chr2	9000000	10000000	2.65691
chr2	10000000	11000000	2.36988
chr2	11000000	12000000	2.56515
chr2	12000000	13000000	2.83091
chr2	13000000	14000000	1.12355
chr2	14000000	15000000	0.472798
chr2	15000000	16000000	1.59015
chr2	16000000	17000000	2.6862
chr2	17000000	18000000	0.740845
chr2	18000000	19000000	1.28468
chr2	19000000	20000000	0.90457
chr2	20000000	21000000	2.199
chr2	21000000	22000000	1.12743
chr2	22000000	23000000	0.903651
chr2	23000000	24000000	1.44215
chr2	24000000	25000000	0.158526
chr2	25000000	26000000	0.693727
chr2	26000000	27000000	1.22732
chr2	27000000	28000000	0.747399
chr2	28000000	29000000	0.291559
chr2	29000000	30000000	1.50172
chr2	30000000	31000000	1.86527
chr2	31000000	32000000	1.21401
chr2	32000000	33000000	0.384192
chr2	33000000	34000000	1.2219
chr2	34000000	35000000	1.41181
chr2	35000000	36000000	1.16152
chr2	36000000	37000000	1.43909
chr2	37000000	38000000	1.27358
chr2	38000000	39000000	1.43295
chr2	39000000	40000000	0.752886
chr2	40000000	41000000	0.684773
chr2	41000000	42000000	0.668571
chr2	42000000	43000000	1.11402
chr2	43000000	44000000	1.48371
chr2	44000000	45000000	1.28951
chr2	45000000	46000000	1.59192
chr2	46000000	47000000	1.58722
chr2	47000000	48000000	0.810601
chr2	48000000	49000000	0.810601
chr2	49000000	50000000	0.810601
chr2	50000000	51000000	0.810601
chr2	51000000	52000000	0.806526
chr2	52000000	53000000	0.839897
chr2	53000000	54000000	0.45253
chr2	54000000	55000000	0.245418
chr2	55000000	56000000	0.842089
chr2	56000000	57000000	0.842089
chr2	57000000	58000000	0.972951
chr2	58000000	59000000	0.437453
chr2	59000000	60000000	0.875759
chr2	60000000	61000000	1.11364
chr2	61000000	62000000	0.290602
chr2	62000000	63000000	0.697628
chr2	63000000	64000000	0.002372
chr2	64000000	65000000	1.10989
chr2	65000000	66000000	2.05048
chr2	66000000	67000000	1.38746
chr2	67000000	68000000	1.52603
chr2	68000000	69000000	1.0895
chr2	69000000	70000000	0.806387
chr2	70000000	71000000	1.1693
chr2	71000000	72000000	2.68913
chr2	72000000	73000000	0.691833
chr2	73000000	74000000	1.0098
chr2	74000000	75000000	1.32624
chr2	75000000	76000000	0.973386
chr2	76000000	77000000	0.78975
chr2	77000000	78000000	0.78975
chr2	78000000	79000000	0.491459
chr2	79000000	80000000	1.36883
chr2	80000000	81000000	1.79201
chr2	81000000	82000000	0.751734
chr2	82000000	83000000	0.557024
chr2	83000000	84000000	0.725909
chr2	84000000	85000000	0.104108
chr2	85000000	86000000	2.23
chr2	86000000	87000000	0.368429
chr2	87000000	88000000	0.71045
chr2	88000000	89000000	0.851019
chr2	89000000	90000000	0.092489
chr2	90000000	91000000	0.092489
chr2	91000000	92000000	0.092489
chr2	96000000	97000000	0.092489
chr2	97000000	98000000	0.092489
chr2	98000000	99000000	0.330463
chr2	99000000	100000000	0.848234
chr2	100000000	101000000	0.627063
chr2	101000000	102000000	0.988496
chr2	102000000	103000000	0.463444
chr2	103000000	104000000	0.995624
chr2	104000000	105000000	1.02294
chr2	105000000	106000000	0.529966
chr2	106000000	107000000	0.856801
chr2	107000000	108000000	1.05927
chr2	108000000	109000000	1.56512
chr2	109000000	110000000	0.392575
chr2	110000000	111000000	0.392575
chr2	111000000	112000000	1.05221
chr2	112000000	113000000	0.944133
chr2	113000000	114000000	0.458788
chr2	114000000	115000000	1.01113
chr2	115000000	116000000	0.865716
chr2	116000000	117000000	0.579072
chr2	117000000	118000000	0.773036
chr2	118000000	119000000	0.347715
chr2	119000000	120000000	0.323683
chr2	120000000	121000000	0.323683
chr2	121000000	122000000	3.47263
chr2	122000000	123000000	1.81711
chr2	123000000	124000000	0.31699
chr2	124000000	125000000	1.1672
chr2	125000000	126000000	1.22204
chr2	126000000	127000000	1.00748
chr2	127000000	128000000	1.68425
chr2	128000000	129000000	0.936856
chr2	129000000	130000000	1.03085
chr2	130000000	131000000	1.0691
chr2	131000000	132000000	1.0691
chr2	132000000	133000000	1.0691
chr2	133000000	134000000	0.864886
chr2	134000000	135000000	1.89476
chr2	135000000	136000000	0.810732
chr2	136000000	137000000	0.518866
chr2	137000000	138000000	0.626051
chr2	138000000	139000000	0.802693
chr2	139000000	140000000	0.955263
chr2	140000000	141000000	0.379476
chr2	141000000	142000000	0.838666
chr2	142000000	143000000	0.872084
chr2	143000000	144000000	1.0375
chr2	144000000	145000000	0.882279
chr2	145000000	146000000	1.22
chr2	146000000	147000000	0.001244
chr2	147000000	148000000	0.569571
chr2	148000000	149000000	0.717376
chr2	149000000	150000000	0.917191
chr2	150000000	151000000	0.917191
chr2	151000000	152000000	1.17424
chr2	152000000	153000000	0.709644
chr2	153000000	154000000	0.709644
chr2	154000000	155000000	0.363899
chr2	155000000	156000000	1.91164
chr2	156000000	157000000	0.603495
chr2	157000000	158000000	0.830349
chr2	158000000	159000000	0.830349
chr2	159000000	160000000	0.46417
chr2	160000000	161000000	0.305057
chr2	161000000	162000000	0.625525
chr2	162000000	163000000	0.456353
chr2	163000000	164000000	0.97859
chr2	164000000	165000000	0.068119
chr2	165000000	166000000	0.656356
chr2	166000000	167000000	0.239054
chr2	167000000	168000000	0.563783
chr2	168000000	169000000	1.24488
chr2	169000000	170000000	1.45815
chr2	170000000	171000000	1.45815
chr2	171000000	172000000	1.71166
chr2	172000000	173000000	0.910223
chr2	173000000	174000000	1.39802
chr2	174000000	175000000	1.39802
chr2	175000000	176000000	0.767528
chr2	176000000	177000000	1.1973
chr2	177000000	178000000	1.3511
chr2	178000000	179000000	0.602151
chr2	179000000	180000000	0.17383
chr2	180000000	181000000	0.505936
chr2	181000000	182000000	0.505936
chr2	182000000	183000000	1.14029
chr2	183000000	184000000	0.843944
chr2	184000000	185000000	0.681754
chr2	185000000	186000000	0.22871
chr2	186000000	187000000	0.177857
chr2	187000000	188000000	0.163776
chr2	188000000	189000000	0.262423
chr2	189000000	190000000	0.292188
chr2	190000000	191000000	0.395551
chr2	191000000	192000000	1.21995
chr2	192000000	193000000	2.23785
chr2	193000000	194000000	0.332059
chr2	194000000	195000000	0.133171
chr2	195000000	196000000	0.427844
chr2	196000000	197000000	1.03134
chr2	197000000	198000000	0.455583
chr2	198000000	199000000	0
chr2	199000000	200000000	1.18628
chr2	200000000	201000000	0.258454
chr2	201000000	202000000	0.756317
chr2	202000000	203000000	1.09593
chr2	203000000	204000000	0.780829
chr2	204000000	205000000	0.378302
chr2	205000000	206000000	1.57357
chr2	206000000	207000000	1.4291
chr2	207000000	208000000	0.77857
chr2	208000000	209000000	0.530283
chr2	209000000	210000000	1.02236
chr2	210000000	211000000	0.253005
chr2	211000000	212000000	0.78204
chr2	212000000	213000000	1.15797
chr2	213000000	214000000	0.999658
chr2	214000000	215000000	1.01787
chr2	215000000	216000000	1.17078
chr2	216000000	217000000	2.07921
chr2	217000000	218000000	1.84919
chr2	218000000	219000000	1.58535
chr2	219000000	220000000	1.55138
chr2	220000000	221000000	2.81355
chr2	221000000	222000000	1.7473
chr2	222000000	223000000	1.76892
chr2	223000000	224000000	1.3355
chr2	224000000	225000000	1.03658
chr2	225000000	226000000	1.15193
chr2	226000000	227000000	0.544386
chr2	227000000	228000000	1.41253
chr2	228000000	229000000	1.75916
chr2	229000000	230000000	1.76795
chr2	230000000	231000000	1.69887
chr2	231000000	232000000	2.01989
chr2	232000000	233000000	1.11175
chr2	233000000	234000000	1.47467
chr2	234000000	235000000	2.24312
chr2	235000000	236000000	2.48908
chr2	236000000	237000000	2.92855
chr2	237000000	238000000	1.38043
chr2	238000000	239000000	2.7744
chr2	239000000	240000000	2.56886
chr2	240000000	241000000	2.79641
chr2	241000000	242000000	1.85971
chr2	242000000	243000000	0
chr3	0	1000000	2.2327
chr3	1000000	2000000	2.60699
chr3	2000000	3000000	3.36504
chr3	3000000	4000000	4.33162
chr3	4000000	5000000	2.74144
chr3	5000000	6000000	2.65133
chr3	6000000	7000000	1.8915
chr3	7000000	8000000	2.61347
chr3	8000000	9000000	3.12479
chr3	9000000	10000000	1.9858
chr3	10000000	11000000	1.27066
chr3	11000000	12000000	1.55736
chr3	12000000	13000000	0.547314
chr3	13000000	14000000	1.61526
chr3	14000000	15000000	1.77524
chr3	15000000	16000000	1.63436
chr3	16000000	17000000	1.627
chr3	17000000	18000000	0.578304
chr3	18000000	19000000	1.26549
chr3	19000000	20000000	1.26549
chr3	20000000	21000000	1.26549
chr3	21000000	22000000	1.44749
chr3	22000000	23000000	0.572291
chr3	23000000	24000000	1.57769
chr3	24000000	25000000	1.45741
chr3	25000000	26000000	1.53226
chr3	26000000	27000000	0.872254
chr3	27000000	28000000	1.19766
chr3	28000000	29000000	1.73503
chr3	29000000	30000000	1.7945
chr3	30000000	31000000	1.73841
chr3	31000000	32000000	1.42312
chr3	32000000	33000000	1.41962
chr3	33000000	34000000	0.918528
chr3	34000000	35000000	0.701481
chr3	35000000	36000000	0.757245
chr3	36000000	37000000	1.52562
chr3	37000000	38000000	0.411596
chr3	38000000	39000000	1.32118
chr3	39000000	40000000	0.328478
chr3	40000000	41000000	0.40304
chr3	41000000	42000000	1.049
chr3	42000000	43000000	1.24314
chr3	43000000	44000000	1.02811
chr3	44000000	45000000	0.571356
chr3	45000000	46000000	0.526147
chr3	46000000	47000000	0.526147
chr3	47000000	48000000	0.524588
chr3	48000000	49000000	0.072413
chr3	49000000	50000000	0.267587
chr3	50000000	51000000	0
chr3	51000000	52000000	0.133262
chr3	52000000	53000000	0.726914
chr3	53000000	54000000	0.846813
chr3	54000000	55000000	2.64005
chr3	55000000	56000000	2.02297
chr3	56000000	57000000	0.568607
chr3	57000000	58000000	1.08139
chr3	58000000	59000000	0.196789
chr3	59000000	60000000	1.87444
chr3	60000000	61000000	2.68449
chr3	61000000	62000000	0.928742
chr3	62000000	63000000	1.5133
chr3	63000000	64000000	1.78608
chr3	64000000	65000000	1.83741
chr3	65000000	66000000	1.25554
chr3	66000000	67000000	1.57327
chr3	67000000	68000000	0.584392
chr3	68000000	69000000	0.536154
chr3	69000000	70000000	0.704978
chr3	70000000	71000000	1.35188
chr3	71000000	72000000	1.92902
chr3	72000000	73000000	2.8075
chr3	73000000	74000000	2.11567
chr3	74000000	75000000	0.679206
chr3	75000000	76000000	0.561418
chr3	76000000	77000000	0.917665
chr3	77000000	78000000	1.42459
chr3	78000000	79000000	1.04163
chr3	79000000	80000000	0.215822
chr3	80000000	81000000	0.078588
chr3	81000000	82000000	0.556974
chr3	82000000	83000000	0.207599
chr3	83000000	84000000	0.184589
chr3	84000000	85000000	0.137564
chr3	85000000	86000000	0.234942
chr3	86000000	87000000	0.327922
chr3	87000000	88000000	0.316307
chr3	88000000	89000000	0.513035
chr3	89000000	90000000	0.104471
chr3	94000000	95000000	0.034355
chr3	95000000	96000000	0.043439
chr3	96000000	97000000	0.520856
chr3	97000000	98000000	0.585216
chr3	98000000	99000000	0.269089
chr3	99000000	100000000	0
chr3	100000000	101000000	0.673271
chr3	101000000	102000000	0.878711
chr3	102000000	103000000	0.505023
chr3	103000000	104000000	0.558723
chr3	104000000	105000000	0.527446
chr3	105000000	106000000	0.966826
chr3	106000000	107000000	1.36569
chr3	107000000	108000000	1.06532
chr3	108000000	109000000	0.641883
chr3	109000000	110000000	0.52687
chr3	110000000	111000000	0.460233
chr3	111000000	112000000	0.525468
chr3	112000000	113000000	0.394532
chr3	113000000	114000000	1.06277
chr3	114000000	115000000	0.631725
chr3	115000000	116000000	1.08921
chr3	116000000	117000000	1.96254
chr3	117000000	118000000	0.413757
chr3	118000000	119000000	0.67096
chr3	119000000	120000000	0.23904
chr3	120000000	121000000	0.105736
chr3	121000000	122000000	1.2319
chr3	122000000	123000000	1.90357
chr3	123000000	124000000	0.693368
chr3	124000000	125000000	1.49291
chr3	125000000	126000000	0.81194
chr3	126000000	127000000	0.884192
chr3	127000000	128000000	1.62536
chr3	128000000	129000000	0.86524
chr3	129000000	130000000	0.821253
chr3	130000000	131000000	0.840053
chr3	131000000	132000000	0.86251
chr3	132000000	133000000	1.12817
chr3	133000000	134000000	2.43996
chr3	134000000	135000000	1.08615
chr3	135000000	136000000	0.266085
chr3	136000000	137000000	0.280851
chr3	137000000	138000000	0.461437
chr3	138000000	139000000	0.556059
chr3	139000000	140000000	0.76155
chr3	140000000	141000000	1.6417
chr3	141000000	142000000	0.856579
chr3	142000000	143000000	1.4295
chr3	143000000	144000000	1.58087
chr3	144000000	145000000	0.614858
chr3	145000000	146000000	0.770597
chr3	146000000	147000000	0.351252
chr3	147000000	148000000	1.52038
chr3	148000000	149000000	2.13355
chr3	149000000	150000000	1.39576
chr3	150000000	151000000	1.66978
chr3	151000000	152000000	0.981717
chr3	152000000	153000000	1.02635
chr3	153000000	154000000	0.718801
chr3	154000000	155000000	0.689792
chr3	155000000	156000000	0.570208
chr3	156000000	157000000	0.572655
chr3	157000000	158000000	0.28826
chr3	158000000	159000000	0.35385
chr3	159000000	160000000	0.940274
chr3	160000000	161000000	0.344791
chr3	161000000	162000000	0.261001
chr3	162000000	163000000	0.306553
chr3	163000000	164000000	0.266744
chr3	164000000	165000000	0.334492
chr3	165000000	166000000	0.397918
chr3	166000000	167000000	0.403461
chr3	167000000	168000000	1.14375
chr3	168000000	169000000	0.891201
chr3	169000000	170000000	0.770216
chr3	170000000	171000000	1.47749
chr3	171000000	172000000	2.4037
chr3	172000000	173000000	2.40445
chr3	173000000	174000000	1.35559
chr3	174000000	175000000	1.59497
chr3	175000000	176000000	0.921835
chr3	176000000	177000000	1.45724
chr3	177000000	178000000	0.962154
chr3	178000000	179000000	0.718485
chr3	179000000	180000000	0.372207
chr3	180000000	181000000	0.74469
chr3	181000000	182000000	0.74469
chr3	182000000	183000000	1.98356
chr3	183000000	184000000	1.55544
chr3	184000000	185000000	1.40732
chr3	185000000	186000000	2.03171
chr3	186000000	187000000	3.97817
chr3	187000000	188000000	2.48971
chr3	188000000	189000000	3.12232
chr3	189000000	190000000	1.26856
chr3	190000000	191000000	2.65009
chr3	191000000	192000000	1.89603
chr3	192000000	193000000	1.99464
chr3	193000000	194000000	3.69969
chr3	194000000	195000000	2.45749
chr3	195000000	196000000	1.40619
chr3	196000000	197000000	1.73814
chr3	197000000	198000000	1.66828
chr4	0	1000000	1.25977
chr4	1000000	2000000	1.34954
chr4	2000000	3000000	1.36598
chr4	3000000	4000000	2.71273
chr4	4000000	5000000	1.23403
chr4	5000000	6000000	3.20534
chr4	6000000	7000000	3.87062
chr4	7000000	8000000	5.20612
chr4	8000000	9000000	1.57643
chr4	9000000	10000000	0.61985
chr4	10000000	11000000	0.779585
chr4	11000000	12000000	2.37642
chr4	12000000	13000000	0.50784
chr4	13000000	14000000	1.03612
chr4	14000000	15000000	1.61836
chr4	15000000	16000000	1.57257
chr4	16000000	17000000	2.01623
chr4	17000000	18000000	2.16466
chr4	18000000	19000000	0.497788
chr4	19000000	20000000	0.132406
chr4	20000000	21000000	1.27589
chr4	21000000	22000000	1.01203
chr4	22000000	23000000	0.699672
chr4	23000000	24000000	1.28188
chr4	24000000	25000000	2.19836
chr4	25000000	26000000	3.09605
chr4	26000000	27000000	1.66115
chr4	27000000	28000000	1.26669
chr4	28000000	29000000	1.20562
chr4	29000000	30000000	1.2941
chr4	30000000	31000000	0.809701
chr4	31000000	32000000	1.36152
chr4	32000000	33000000	0.654929
chr4	33000000	34000000	0.517876
chr4	34000000	35000000	0.52801
chr4	35000000	36000000	0.244114
chr4	36000000	37000000	1.43602
chr4	37000000	38000000	1.11717
chr4	38000000	39000000	1.52447
chr4	39000000	40000000	1.4582
chr4	40000000	41000000	1.90015
chr4	41000000	42000000	1.51501
chr4	42000000	43000000	0.816597
chr4	43000000	44000000	0.479581
chr4	44000000	45000000	0.65705
chr4	45000000	46000000	0.308017
chr4	46000000	47000000	0.448843
chr4	47000000	48000000	0.315212
chr4	48000000	49000000	0.21297
chr4	53000000	54000000	0.318975
chr4	54000000	55000000	1.09232
chr4	55000000	56000000	1.44083
chr4	56000000	57000000	1.59292
chr4	57000000	58000000	1.81981
chr4	58000000	59000000	0.921794
chr4	59000000	60000000	0.593356
chr4	60000000	61000000	0.505579
chr4	61000000	62000000	0.516755
chr4	62000000	63000000	0.666213
chr4	63000000	64000000	0.620929
chr4	64000000	65000000	0.620929
chr4	65000000	66000000	0.54039
chr4	66000000	67000000	0.788133
chr4	67000000	68000000	0.369665
chr4	68000000	69000000	0.429224
chr4	69000000	70000000	0.802183
chr4	70000000	71000000	0.316777
chr4	71000000	72000000	0.711489
chr4	72000000	73000000	1.16423
chr4	73000000	74000000	0.457354
chr4	74000000	75000000	1.19331
chr4	75000000	76000000	1.02162
chr4	76000000	77000000	0.17522
chr4	77000000	78000000	0.978082
chr4	78000000	79000000	1.21676
chr4	79000000	80000000	0.470385
chr4	80000000	81000000	0.418111
chr4	81000000	82000000	0.788898
chr4	82000000	83000000	0.73776
chr4	83000000	84000000	0.655038
chr4	84000000	85000000	1.60399
chr4	85000000	86000000	0.690307
chr4	86000000	87000000	1.36577
chr4	87000000	88000000	0.664202
chr4	88000000	89000000	0.762639
chr4	89000000	90000000	1.72951
chr4	90000000	91000000	1.20657
chr4	91000000	92000000	0.991954
chr4	92000000	93000000	0.515408
chr4	93000000	94000000	0.444713
chr4	94000000	95000000	0.83558
chr4	95000000	96000000	0.716266
chr4	96000000	97000000	0.718054
chr4	97000000	98000000	0.419518
chr4	98000000	99000000	0.298594
chr4	99000000	100000000	1.02838
chr4	100000000	101000000	1.39841
chr4	101000000	102000000	0.585254
chr4	102000000	103000000	0.573974
chr4	103000000	104000000	0.429622
chr4	104000000	105000000	0.625291
chr4	105000000	106000000	1.19697
chr4	106000000	107000000	0.711276
chr4	107000000	108000000	0.711276
chr4	108000000	109000000	0.790448
chr4	109000000	110000000	1.02593
chr4	110000000	111000000	1.07162
chr4	111000000	112000000	1.66065
chr4	112000000	113000000	0.967103
chr4	113000000	114000000	1.31648
chr4	114000000	115000000	0.762917
chr4	115000000	116000000	0.391766
chr4	116000000	117000000	1.5942
chr4	117000000	118000000	0.552341
chr4	118000000	119000000	0.49838
chr4	119000000	120000000	0.487315
chr4	120000000	121000000	0.471933
chr4	121000000	122000000	0.679079
chr4	122000000	123000000	0.620985
chr4	123000000	124000000	0.450285
chr4	124000000	125000000	0.765157
chr4	125000000	126000000	0.565402
chr4	126000000	127000000	0.565402
chr4	127000000	128000000	0.565402
chr4	128000000	129000000	0.59165
chr4	129000000	130000000	0.598619
chr4	130000000	131000000	0.40976
chr4	131000000	132000000	0.951116
chr4	132000000	133000000	0.834064
chr4	133000000	134000000	0.834064
chr4	134000000	135000000	0.659363
chr4	135000000	136000000	0.357896
chr4	136000000	137000000	0.777631
chr4	137000000	138000000	0.841515
chr4	138000000	139000000	0.88489
chr4	139000000	140000000	1.37037
chr4	140000000	141000000	1.33816
chr4	141000000	142000000	1.29857
chr4	142000000	143000000	1.15576
chr4	143000000	144000000	0.465213
chr4	144000000	145000000	0
chr4	145000000	146000000	0.525771
chr4	146000000	147000000	0.93533
chr4	147000000	148000000	1.50124
chr4	148000000	149000000	1.25845
chr4	149000000	150000000	0.338884
chr4	150000000	151000000	0.369995
chr4	151000000	152000000	0.186181
chr4	152000000	153000000	0.691626
chr4	153000000	154000000	1.60403
chr4	154000000	155000000	2.20081
chr4	155000000	156000000	0.449237
chr4	156000000	157000000	1.02093
chr4	157000000	158000000	0.773827
chr4	158000000	159000000	0.7977
chr4	159000000	160000000	0.883326
chr4	160000000	161000000	0.46311
chr4	161000000	162000000	0.892037
chr4	162000000	163000000	0.720092
chr4	163000000	164000000	1.06167
chr4	164000000	165000000	1.67372
chr4	165000000	166000000	1.62812
chr4	166000000	167000000	1.07263
chr4	167000000	168000000	0.750975
chr4	168000000	169000000	0.673551
chr4	169000000	170000000	1.36356
chr4	170000000	171000000	1.59323
chr4	171000000	172000000	0.571417
chr4	172000000	173000000	1.09711
chr4	173000000	174000000	0.856594
chr4	174000000	175000000	0.601158
chr4	175000000	176000000	1.39678
chr4	176000000	177000000	1.21015
chr4	177000000	178000000	1.52144
chr4	178000000	179000000	1.049
chr4	179000000	180000000	2.13616
chr4	180000000	181000000	1.92217
chr4	181000000	182000000	2.40274
chr4	182000000	183000000	1.87016
chr4	183000000	184000000	3.5459
chr4	184000000	185000000	3.06459
chr4	185000000	186000000	3.90072
chr4	186000000	187000000	2.88671
chr4	187000000	188000000	4.36776
chr4	188000000	189000000	2.76631
chr4	189000000	190000000	1.71176
chr4	190000000	191000000	0.081368
chr5	0	1000000	1.02841
chr5	1000000	2000000	3.37215
chr5	2000000	3000000	3.79856
chr5	3000000	4000000	2.41626
chr5	4000000	5000000	1.76765
chr5	5000000	6000000	3.76649
chr5	6000000	7000000	2.61336
chr5	7000000	8000000	2.02364
chr5	8000000	9000000	1.2371
chr5	9000000	10000000	3.57001
chr5	10000000	11000000	2.96638
chr5	11000000	12000000	1.58999
chr5	12000000	13000000	0.579172
chr5	13000000	14000000	1.32992
chr5	14000000	15000000	2.17272
chr5	15000000	16000000	0.838357
chr5	16000000	17000000	2.94584
chr5	17000000	18000000	0.555049
chr5	18000000	19000000	0.743985
chr5	19000000	20000000	0.743985
chr5	20000000	21000000	0.743985
chr5	21000000	22000000	0.653188
chr5	22000000	23000000	0.951307
chr5	23000000	24000000	1.04867
chr5	24000000	25000000	1.18953
chr5	25000000	26000000	0.814316
chr5	26000000	27000000	1.08991
chr5	27000000	28000000	0.757608
chr5	28000000	29000000	0.643769
chr5	29000000	30000000	0.669705
chr5	30000000	31000000	1.75272
chr5	31000000	32000000	2.91168
chr5	32000000	33000000	1.18863
chr5	33000000	34000000	1.52062
chr5	34000000	35000000	1.00619
chr5	35000000	36000000	0.752122
chr5	36000000	37000000	1.17905
chr5	37000000	38000000	1.50017
chr5	38000000	39000000	2.7614
chr5	39000000	40000000	1.36642
chr5	40000000	41000000	0.512342
chr5	41000000	42000000	0.564064
chr5	42000000	43000000	0.755545
chr5	43000000	44000000	0.278957
chr5	44000000	45000000	0.314432
chr5	45000000	46000000	0.296217
chr5	50000000	51000000	0.021449
chr5	51000000	52000000	0.49628
chr5	52000000	53000000	0.870354
chr5	53000000	54000000	0.92135
chr5	54000000	55000000	1.00202
chr5	55000000	56000000	1.2332
chr5	56000000	57000000	1.37178
chr5	57000000	58000000	1.10974
chr5	58000000	59000000	0.931625
chr5	59000000	60000000	0.243255
chr5	60000000	61000000	0.277429
chr5	61000000	62000000	0.920854
chr5	62000000	63000000	0.290021
chr5	63000000	64000000	0.520932
chr5	64000000	65000000	0.619629
chr5	65000000	66000000	0.451535
chr5	66000000	67000000	1.29751
chr5	67000000	68000000	0.876678
chr5	68000000	69000000	0.818557
chr5	69000000	70000000	0.231018
chr5	70000000	71000000	0.65216
chr5	71000000	72000000	1.42408
chr5	72000000	73000000	1.17831
chr5	73000000	74000000	1.74664
chr5	74000000	75000000	2.12109
chr5	75000000	76000000	1.60117
chr5	76000000	77000000	1.69501
chr5	77000000	78000000	1.21055
chr5	78000000	79000000	1.44812
chr5	79000000	80000000	1.04881
chr5	80000000	81000000	1.61949
chr5	81000000	82000000	1.35428
chr5	82000000	83000000	1.50345
chr5	83000000	84000000	0.906164
chr5	84000000	85000000	0.407343
chr5	85000000	86000000	0.289241
chr5	86000000	87000000	0.659118
chr5	87000000	88000000	0.381224
chr5	88000000	89000000	0.824207
chr5	89000000	90000000	0.575793
chr5	90000000	91000000	0.86
chr5	91000000	92000000	0.169452
chr5	92000000	93000000	0.76914
chr5	93000000	94000000	0.78618
chr5	94000000	95000000	0.78618
chr5	95000000	96000000	0.777088
chr5	96000000	97000000	0.737599
chr5	97000000	98000000	0.737599
chr5	98000000	99000000	0.799926
chr5	99000000	100000000	0.484178
chr5	100000000	101000000	0.218074
chr5	101000000	102000000	0.260924
chr5	102000000	103000000	0.213659
chr5	103000000	104000000	0.455585
chr5	104000000	105000000	0.434415
chr5	105000000	106000000	0.215878
chr5	106000000	107000000	1.57868
chr5	107000000	108000000	0.309666
chr5	108000000	109000000	0.309666
chr5	109000000	110000000	1.12453
chr5	110000000	111000000	1.30784
chr5	111000000	112000000	0.396701
chr5	112000000	113000000	0.653233
chr5	113000000	114000000	0.723803
chr5	114000000	115000000	0.509801
chr5	115000000	116000000	2.04699
chr5	116000000	117000000	1.81444
chr5	117000000	118000000	0.904664
chr5	118000000	119000000	0.054111
chr5	119000000	120000000	0.37
chr5	120000000	121000000	0.5884
chr5	121000000	122000000	1.17444
chr5	122000000	123000000	0.177165
chr5	123000000	124000000	1.32199
chr5	124000000	125000000	1.31801
chr5	125000000	126000000	0.751915
chr5	126000000	127000000	0.949745
chr5	127000000	128000000	0.69051
chr5	128000000	129000000	0.904406
chr5	129000000	130000000	0.106966
chr5	130000000	131000000	0.216167
chr5	131000000	132000000	0.559569
chr5	132000000	133000000	1.04529
chr5	133000000	134000000	0.990297
chr5	134000000	135000000	1.31622
chr5	135000000	136000000	0.965707
chr5	136000000	137000000	0.533209
chr5	137000000	138000000	0.42
chr5	138000000	139000000	0
chr5	139000000	140000000	0.686912
chr5	140000000	141000000	0.573088
chr5	141000000	142000000	2.04401
chr5	142000000	143000000	2.62802
chr5	143000000	144000000	1.21184
chr5	144000000	145000000	0.197752
chr5	145000000	146000000	1.60155
chr5	146000000	147000000	1.70683
chr5	147000000	148000000	1.00113
chr5	148000000	149000000	1.4622
chr5	149000000	150000000	2.75386
chr5	150000000	151000000	2.12129
chr5	151000000	152000000	1.07153
chr5	152000000	153000000	0.335156
chr5	153000000	154000000	0.891446
chr5	154000000	155000000	0.578667
chr5	155000000	156000000	0.799047
chr5	156000000	157000000	0.638523
chr5	157000000	158000000	0.27039
chr5	158000000	159000000	1.15763
chr5	159000000	160000000	1.66449
chr5	160000000	161000000	0.494956
chr5	161000000	162000000	0.733413
chr5	162000000	163000000	1.31628
chr5	163000000	164000000	1.6565
chr5	164000000	165000000	0.618877
chr5	165000000	166000000	2.05077
chr5	166000000	167000000	2.53117
chr5	167000000	168000000	1.86932
chr5	168000000	169000000	2.54972
chr5	169000000	170000000	3.29615
chr5	170000000	171000000	1.83527
chr5	171000000	172000000	2.54658
chr5	172000000	173000000	3.05524
chr5	173000000	174000000	3.62142
chr5	174000000	175000000	1.93774
chr5	175000000	176000000	1.93774
chr5	176000000	177000000	1.83675
chr5	177000000	178000000	2.08794
chr5	178000000	179000000	2.54954
chr5	179000000	180000000	1.76995
chr6	0	1000000	1.10423
chr6	1000000	2000000	4.47751
chr6	2000000	3000000	2.58429
chr6	3000000	4000000	2.58429
chr6	4000000	5000000	2.29003
chr6	5000000	6000000	2.13965
chr6	6000000	7000000	3.057
chr6	7000000	8000000	1.86141
chr6	8000000	9000000	1.30185
chr6	9000000	10000000	2.29056
chr6	10000000	11000000	2.33318
chr6	11000000	12000000	2.33431
chr6	12000000	13000000	2.05696
chr6	13000000	14000000	0.856617
chr6	14000000	15000000	1.99812
chr6	15000000	16000000	1.79964
chr6	16000000	17000000	2.94624
chr6	17000000	18000000	1.44448
chr6	18000000	19000000	1.36643
chr6	19000000	20000000	0.894317
chr6	20000000	21000000	1.44043
chr6	21000000	22000000	1.56599
chr6	22000000	23000000	1.56702
chr6	23000000	24000000	1.1928
chr6	24000000	25000000	2.02174
chr6	25000000	26000000	0.449093
chr6	26000000	27000000	0.353276
chr6	27000000	28000000	0.578552
chr6	28000000	29000000	0
chr6	29000000	30000000	0.156393
chr6	30000000	31000000	0.22812
chr6	31000000	32000000	0.294877
chr6	32000000	33000000	0.856848
chr6	33000000	34000000	1.25843
chr6	34000000	35000000	1.28026
chr6	35000000	36000000	0.430674
chr6	36000000	37000000	1.0146
chr6	37000000	38000000	0.704235
chr6	38000000	39000000	0.676928
chr6	39000000	40000000	1.75719
chr6	40000000	41000000	1.77008
chr6	41000000	42000000	2.71209
chr6	42000000	43000000	1.67585
chr6	43000000	44000000	1.53673
chr6	44000000	45000000	1.60986
chr6	45000000	46000000	1.88225
chr6	46000000	47000000	1.47872
chr6	47000000	48000000	0.98291
chr6	48000000	49000000	0.192958
chr6	49000000	50000000	0.295215
chr6	50000000	51000000	0.38734
chr6	51000000	52000000	1.36504
chr6	52000000	53000000	1.5169
chr6	53000000	54000000	0.999046
chr6	54000000	55000000	0.3389
chr6	55000000	56000000	1.35943
chr6	56000000	57000000	0.48435
chr6	57000000	58000000	0.076415
chr6	62000000	63000000	0.056362
chr6	63000000	64000000	0.205341
chr6	64000000	65000000	0.369754
chr6	65000000	66000000	0.456737
chr6	66000000	67000000	0.303509
chr6	67000000	68000000	1.05876
chr6	68000000	69000000	0.405717
chr6	69000000	70000000	0.472321
chr6	70000000	71000000	0.466914
chr6	71000000	72000000	1.3152
chr6	72000000	73000000	1.1375
chr6	73000000	74000000	0.887217
chr6	74000000	75000000	0.556367
chr6	75000000	76000000	0
chr6	76000000	77000000	0.613075
chr6	77000000	78000000	0.599678
chr6	78000000	79000000	0.687247
chr6	79000000	80000000	0.288557
chr6	80000000	81000000	0.406793
chr6	81000000	82000000	0.361357
chr6	82000000	83000000	0.758219
chr6	83000000	84000000	0.655074
chr6	84000000	85000000	0.234284
chr6	85000000	86000000	0.464091
chr6	86000000	87000000	0.068319
chr6	87000000	88000000	0.068319
chr6	88000000	89000000	0.448274
chr6	89000000	90000000	1.35874
chr6	90000000	91000000	2.72846
chr6	91000000	92000000	1.27942
chr6	92000000	93000000	0.566922
chr6	93000000	94000000	0.635031
chr6	94000000	95000000	0.437262
chr6	95000000	96000000	0.715148
chr6	96000000	97000000	0.325189
chr6	97000000	98000000	0.924058
chr6	98000000	99000000	0.703443
chr6	99000000	100000000	0.534064
chr6	100000000	101000000	0.654556
chr6	101000000	102000000	0.82149
chr6	102000000	103000000	0.854503
chr6	103000000	104000000	0.395687
chr6	104000000	105000000	0.611652
chr6	105000000	106000000	0.79397
chr6	106000000	107000000	1.98976
chr6	107000000	108000000	1.60345
chr6	108000000	109000000	1.27582
chr6	109000000	110000000	1.00096
chr6	110000000	111000000	1.00096
chr6	111000000	112000000	0.996169
chr6	112000000	113000000	0.992797
chr6	113000000	114000000	0.622106
chr6	114000000	115000000	0.077623
chr6	115000000	116000000	0.32427
chr6	116000000	117000000	0.427028
chr6	117000000	118000000	0.426509
chr6	118000000	119000000	0.426509
chr6	119000000	120000000	0.439221
chr6	120000000	121000000	0.043962
chr6	121000000	122000000	0.438116
chr6	122000000	123000000	1.57787
chr6	123000000	124000000	1.74073
chr6	124000000	125000000	1.74073
chr6	125000000	126000000	0.993715
chr6	126000000	127000000	0.900602
chr6	127000000	128000000	0.305499
chr6	128000000	129000000	0.672925
chr6	129000000	130000000	1.00392
chr6	130000000	131000000	1.17744
chr6	131000000	132000000	0.533536
chr6	132000000	133000000	0.873402
chr6	133000000	134000000	0.42914
chr6	134000000	135000000	2.97707
chr6	135000000	136000000	0.854107
chr6	136000000	137000000	1.96507
chr6	137000000	138000000	2.22196
chr6	138000000	139000000	2.31444
chr6	139000000	140000000	2.10968
chr6	140000000	141000000	0.119817
chr6	141000000	142000000	0.304761
chr6	142000000	143000000	0.645435
chr6	143000000	144000000	0.768491
chr6	144000000	145000000	0.496303
chr6	145000000	146000000	0.496303
chr6	146000000	147000000	0.5593
chr6	147000000	148000000	1.36409
chr6	148000000	149000000	1.84608
chr6	149000000	150000000	1.47793
chr6	150000000	151000000	1.24166
chr6	151000000	152000000	2.85964
chr6	152000000	153000000	2.17949
chr6	153000000	154000000	1.96252
chr6	154000000	155000000	1.55856
chr6	155000000	156000000	1.72296
chr6	156000000	157000000	1.49506
chr6	157000000	158000000	0.814496
chr6	158000000	159000000	0.955172
chr6	159000000	160000000	2.1535
chr6	160000000	161000000	0.53654
chr6	161000000	162000000	1.68764
chr6	162000000	163000000	2.73454
chr6	163000000	164000000	1.12468
chr6	164000000	165000000	1.31773
chr6	165000000	166000000	1.39964
chr6	166000000	167000000	3.51207
chr6	167000000	168000000	2.59899
chr6	168000000	169000000	2.03342
chr6	169000000	170000000	1.7361
chr6	170000000	171000000	1.2171
chr7	0	1000000	3.64961
chr7	1000000	2000000	1.46715
chr7	2000000	3000000	1.82171
chr7	3000000	4000000	1.54713
chr7	4000000	5000000	1.57285
chr7	5000000	6000000	2.21801
chr7	6000000	7000000	0.965315
chr7	7000000	8000000	2.20026
chr7	8000000	9000000	2.71697
chr7	9000000	10000000	2.24171
chr7	10000000	11000000	1.30991
chr7	11000000	12000000	1.71438
chr7	12000000	13000000	1.59149
chr7	13000000	14000000	1.52194
chr7	14000000	15000000	1.7382
chr7	15000000	16000000	1.29864
chr7	16000000	17000000	1.13413
chr7	17000000	18000000	1.22282
chr7	18000000	19000000	1.0614
chr7	19000000	20000000	1.3327
chr7	20000000	21000000	1.39646
chr7	21000000	22000000	1.51056
chr7	22000000	23000000	2.01657
chr7	23000000	24000000	0.754011
chr7	24000000	25000000	0.97622
chr7	25000000	26000000	1.32727
chr7	26000000	27000000	0.724438
chr7	27000000	28000000	0.979303
chr7	28000000	29000000	1.65362
chr7	29000000	30000000	2.44445
chr7	30000000	31000000	2.25701
chr7	31000000	32000000	1.75199
chr7	32000000	33000000	1.26908
chr7	33000000	34000000	0.589733
chr7	34000000	35000000	0.552437
chr7	35000000	36000000	1.31419
chr7	36000000	37000000	1.92071
chr7	37000000	38000000	1.28991
chr7	38000000	39000000	1.01196
chr7	39000000	40000000	1.24703
chr7	40000000	41000000	0.913775
chr7	41000000	42000000	1.21189
chr7	42000000	43000000	1.3498
chr7	43000000	44000000	0.769532
chr7	44000000	45000000	1.12394
chr7	45000000	46000000	1.77193
chr7	46000000	47000000	0.877335
chr7	47000000	48000000	1.12666
chr7	48000000	49000000	0.251835
chr7	49000000	50000000	1.10737
chr7	50000000	51000000	1.18841
chr7	51000000	52000000	1.38657
chr7	52000000	53000000	0.914782
chr7	53000000	54000000	0.479955
chr7	54000000	55000000	0.472828
chr7	55000000	56000000	1.27919
chr7	56000000	57000000	0.429483
chr7	57000000	58000000	0.521422
chr7	62000000	63000000	0.076478
chr7	63000000	64000000	0.164332
chr7	64000000	65000000	0.164332
chr7	65000000	66000000	0.064857
chr7	66000000	67000000	0.133145
chr7	67000000	68000000	1.05556
chr7	68000000	69000000	1.70313
chr7	69000000	70000000	0.627599
chr7	70000000	71000000	0.92461
chr7	71000000	72000000	1.29246
chr7	72000000	73000000	0.702581
chr7	73000000	74000000	0.01092
chr7	74000000	75000000	0.004585
chr7	75000000	76000000	1.44012
chr7	76000000	77000000	1.44012
chr7	77000000	78000000	1.58353
chr7	78000000	79000000	1.67067
chr7	79000000	80000000	1.052
chr7	80000000	81000000	0.850711
chr7	81000000	82000000	1.36145
chr7	82000000	83000000	1.63314
chr7	83000000	84000000	1.75012
chr7	84000000	85000000	0.231285
chr7	85000000	86000000	0.460856
chr7	86000000	87000000	0.432764
chr7	87000000	88000000	0.421559
chr7	88000000	89000000	0.702184
chr7	89000000	90000000	0.602065
chr7	90000000	91000000	1.31588
chr7	91000000	92000000	0.546065
chr7	92000000	93000000	0.745974
chr7	93000000	94000000	1.57482
chr7	94000000	95000000	0.739291
chr7	95000000	96000000	0.330793
chr7	96000000	97000000	0.87062
chr7	97000000	98000000	1.04546
chr7	98000000	99000000	1.03127
chr7	99000000	100000000	0.522645
chr7	100000000	101000000	0.870803
chr7	101000000	102000000	0.877058
chr7	102000000	103000000	0.712537
chr7	103000000	104000000	0.838535
chr7	104000000	105000000	1.10719
chr7	105000000	106000000	1.80098
chr7	106000000	107000000	0.935051
chr7	107000000	108000000	1.47785
chr7	108000000	109000000	0.29816
chr7	109000000	110000000	1.1186
chr7	110000000	111000000	0.32061
chr7	111000000	112000000	0.32061
chr7	112000000	113000000	0.527097
chr7	113000000	114000000	0.535141
chr7	114000000	115000000	0.656507
chr7	115000000	116000000	0.273276
chr7	116000000	117000000	1.15261
chr7	117000000	118000000	0.201315
chr7	118000000	119000000	0.225376
chr7	119000000	120000000	0.225376
chr7	120000000	121000000	0.364218
chr7	121000000	122000000	1.33054
chr7	122000000	123000000	0.677581
chr7	123000000	124000000	0.514284
chr7	124000000	125000000	0.782167
chr7	125000000	126000000	0.659166
chr7	126000000	127000000	0.502538
chr7	127000000	128000000	0.486214
chr7	128000000	129000000	0.946799
chr7	129000000	130000000	0.769349
chr7	130000000	131000000	2.94005
chr7	131000000	132000000	2.76395
chr7	132000000	133000000	1.76846
chr7	133000000	134000000	0.11
chr7	134000000	135000000	0.485967
chr7	135000000	136000000	1.54897
chr7	136000000	137000000	1.2624
chr7	137000000	138000000	3.14158
chr7	138000000	139000000	2.36797
chr7	139000000	140000000	1.2633
chr7	140000000	141000000	0.916317
chr7	141000000	142000000	1.49001
chr7	142000000	143000000	0.33097
chr7	143000000	144000000	0.424278
chr7	144000000	145000000	1.1326
chr7	145000000	146000000	0.849787
chr7	146000000	147000000	1.61267
chr7	147000000	148000000	2.78447
chr7	148000000	149000000	2.62523
chr7	149000000	150000000	0.519318
chr7	150000000	151000000	1.21401
chr7	151000000	152000000	3.54545
chr7	152000000	153000000	3.98744
chr7	153000000	154000000	2.61985
chr7	154000000	155000000	4.50029
chr7	155000000	156000000	3.71805
chr7	156000000	157000000	1.75909
chr7	157000000	158000000	0
chr7	158000000	159000000	0
chr8	0	1000000	0
chr8	1000000	2000000	2.96622
chr8	2000000	3000000	2.31691
chr8	3000000	4000000	2.45609
chr8	4000000	5000000	3.17999
chr8	5000000	6000000	2.96592
chr8	6000000	7000000	2.42942
chr8	7000000	8000000	0.937989
chr8	8000000	9000000	0.937989
chr8	9000000	10000000	0.937989
chr8	10000000	11000000	0.891483
chr8	11000000	12000000	1.75309
chr8	12000000	13000000	3.45691
chr8	13000000	14000000	0.502844
chr8	14000000	15000000	0.509025
chr8	15000000	16000000	0.690116
chr8	16000000	17000000	1.77588
chr8	17000000	18000000	1.77588
chr8	18000000	19000000	2.04335
chr8	19000000	20000000	1.98136
chr8	20000000	21000000	1.85749
chr8	21000000	22000000	1.94589
chr8	22000000	23000000	2.70406
chr8	23000000	24000000	1.29918
chr8	24000000	25000000	1.29918
chr8	25000000	26000000	1.21824
chr8	26000000	27000000	1.58751
chr8	27000000	28000000	1.19255
chr8	28000000	29000000	1.66081
chr8	29000000	30000000	1.81011
chr8	30000000	31000000	1.45491
chr8	31000000	32000000	0.550717
chr8	32000000	33000000	0.937947
chr8	33000000	34000000	0.202958
chr8	34000000	35000000	0.208764
chr8	35000000	36000000	0.971236
chr8	36000000	37000000	0
chr8	37000000	38000000	0.958591
chr8	38000000	39000000	1.02843
chr8	39000000	40000000	0.807117
chr8	40000000	41000000	1.67101
chr8	41000000	42000000	1.05778
chr8	42000000	43000000	0.182126
chr8	47000000	48000000	0.114653
chr8	48000000	49000000	0.11218
chr8	49000000	50000000	0.539166
chr8	50000000	51000000	0.280441
chr8	51000000	52000000	1.03381
chr8	52000000	53000000	0.811714
chr8	53000000	54000000	1.48781
chr8	54000000	55000000	1.19515
chr8	55000000	56000000	0.596597
chr8	56000000	57000000	0.285768
chr8	57000000	58000000	1.06504
chr8	58000000	59000000	0.804342
chr8	59000000	60000000	1.4045
chr8	60000000	61000000	0.920936
chr8	61000000	62000000	1.42997
chr8	62000000	63000000	0.986612
chr8	63000000	64000000	0.296484
chr8	64000000	65000000	0.574916
chr8	65000000	66000000	0.466222
chr8	66000000	67000000	0.698586
chr8	67000000	68000000	0.347306
chr8	68000000	69000000	0.824111
chr8	69000000	70000000	1.54593
chr8	70000000	71000000	1.86836
chr8	71000000	72000000	1.3848
chr8	72000000	73000000	1.42787
chr8	73000000	74000000	2.40016
chr8	74000000	75000000	1.08436
chr8	75000000	76000000	0.479746
chr8	76000000	77000000	0.54372
chr8	77000000	78000000	0.54372
chr8	78000000	79000000	0.2345
chr8	79000000	80000000	0.246964
chr8	80000000	81000000	0.293962
chr8	81000000	82000000	1.88254
chr8	82000000	83000000	1.0158
chr8	83000000	84000000	0.410388
chr8	84000000	85000000	0.400493
chr8	85000000	86000000	0.400493
chr8	86000000	87000000	0.400493
chr8	87000000	88000000	0.41425
chr8	88000000	89000000	0.329159
chr8	89000000	90000000	0.568727
chr8	90000000	91000000	0.441827
chr8	91000000	92000000	0.628709
chr8	92000000	93000000	0.218674
chr8	93000000	94000000	0.919408
chr8	94000000	95000000	1.12851
chr8	95000000	96000000	1.12583
chr8	96000000	97000000	1.10501
chr8	97000000	98000000	1.15514
chr8	98000000	99000000	1.33584
chr8	99000000	100000000	0.59559
chr8	100000000	101000000	0.454198
chr8	101000000	102000000	2.10005
chr8	102000000	103000000	2.0816
chr8	103000000	104000000	1.69147
chr8	104000000	105000000	1.09292
chr8	105000000	106000000	0.293328
chr8	106000000	107000000	0.616232
chr8	107000000	108000000	0.51894
chr8	108000000	109000000	0.72624
chr8	109000000	110000000	0.808659
chr8	110000000	111000000	0.489146
chr8	111000000	112000000	0.250778
chr8	112000000	113000000	0.265595
chr8	113000000	114000000	0.493266
chr8	114000000	115000000	0.233037
chr8	115000000	116000000	0.353283
chr8	116000000	117000000	0.608949
chr8	117000000	118000000	0.871343
chr8	118000000	119000000	0.460943
chr8	119000000	120000000	0.803699
chr8	120000000	121000000	0.773348
chr8	121000000	122000000	0.875621
chr8	122000000	123000000	1.60161
chr8	123000000	124000000	2.8571
chr8	124000000	125000000	1.75428
chr8	125000000	126000000	1.7044
chr8	126000000	127000000	1.08756
chr8	127000000	128000000	3.39908
chr8	128000000	129000000	3.28509
chr8	129000000	130000000	1.47248
chr8	130000000	131000000	0.975776
chr8	131000000	132000000	1.399
chr8	132000000	133000000	1.03849
chr8	133000000	134000000	1.76787
chr8	134000000	135000000	2.69863
chr8	135000000	136000000	1.05247
chr8	136000000	137000000	1.20267
chr8	137000000	138000000	1.49055
chr8	138000000	139000000	1.70023
chr8	139000000	140000000	2.50345
chr8	140000000	141000000	2.68588
chr8	141000000	142000000	2.55115
chr8	142000000	143000000	2.29926
chr8	143000000	144000000	1.9121
chr8	144000000	145000000	1.1673
chr8	145000000	146000000	0.839061
chr9	0	1000000	1.12973
chr9	1000000	2000000	2.87197
chr9	2000000	3000000	2.74398
chr9	3000000	4000000	1.35716
chr9	4000000	5000000	4.19506
chr9	5000000	6000000	1.09846
chr9	6000000	7000000	1.39618
chr9	7000000	8000000	2.90432
chr9	8000000	9000000	2.10809
chr9	9000000	10000000	2.15009
chr9	10000000	11000000	1.90483
chr9	11000000	12000000	1.53543
chr9	12000000	13000000	1.22838
chr9	13000000	14000000	1.44557
chr9	14000000	15000000	3.65781
chr9	15000000	16000000	1.70017
chr9	16000000	17000000	2.09497
chr9	17000000	18000000	1.01333
chr9	18000000	19000000	2.07352
chr9	19000000	20000000	2.18688
chr9	20000000	21000000	1.09092
chr9	21000000	22000000	1.33598
chr9	22000000	23000000	1.00293
chr9	23000000	24000000	0.876105
chr9	24000000	25000000	1.48594
chr9	25000000	26000000	1.61216
chr9	26000000	27000000	1.21739
chr9	27000000	28000000	2.7161
chr9	28000000	29000000	0.948732
chr9	29000000	30000000	0.485913
chr9	30000000	31000000	0.546944
chr9	31000000	32000000	0.440676
chr9	32000000	33000000	0.746996
chr9	33000000	34000000	1.2896
chr9	34000000	35000000	0.541562
chr9	35000000	36000000	0.478003
chr9	36000000	37000000	1.67626
chr9	37000000	38000000	0.819421
chr9	38000000	39000000	0.584067
chr9	39000000	40000000	0.485178
chr9	40000000	41000000	0.485178
chr9	41000000	42000000	0.485178
chr9	42000000	43000000	0.485178
chr9	43000000	44000000	0.485178
chr9	44000000	45000000	0.485178
chr9	45000000	46000000	0.450424
chr9	46000000	47000000	0.040044
chr9	66000000	67000000	0.040044
chr9	67000000	68000000	0.040044
chr9	68000000	69000000	0.040044
chr9	69000000	70000000	0.040044
chr9	70000000	71000000	0.040044
chr9	71000000	72000000	1.0474
chr9	72000000	73000000	0.761807
chr9	73000000	74000000	0.309556
chr9	74000000	75000000	0.889938
chr9	75000000	76000000	0.491114
chr9	76000000	77000000	0.638792
chr9	77000000	78000000	1.49626
chr9	78000000	79000000	1.83468
chr9	79000000	80000000	2.05418
chr9	80000000	81000000	1.67399
chr9	81000000	82000000	0.773937
chr9	82000000	83000000	0.767156
chr9	83000000	84000000	1.34999
chr9	84000000	85000000	1.30131
chr9	85000000	86000000	0.729828
chr9	86000000	87000000	1.5223
chr9	87000000	88000000	1.36353
chr9	88000000	89000000	1.17383
chr9	89000000	90000000	2.24591
chr9	90000000	91000000	1.9286
chr9	91000000	92000000	1.96994
chr9	92000000	93000000	2.74145
chr9	93000000	94000000	0.701084
chr9	94000000	95000000	0.936422
chr9	95000000	96000000	0.766141
chr9	96000000	97000000	0.681338
chr9	97000000	98000000	1.01981
chr9	98000000	99000000	0.902757
chr9	99000000	100000000	0.839142
chr9	100000000	101000000	0.879549
chr9	101000000	102000000	1.69438
chr9	102000000	103000000	0.139662
chr9	103000000	104000000	1.23725
chr9	104000000	105000000	0.98712
chr9	105000000	106000000	0.994888
chr9	106000000	107000000	0.589558
chr9	107000000	108000000	1.50345
chr9	108000000	109000000	0.8516
chr9	109000000	110000000	0.805162
chr9	110000000	111000000	2.13771
chr9	111000000	112000000	1.23067
chr9	112000000	113000000	1.18312
chr9	113000000	114000000	1.14946
chr9	114000000	115000000	1.4
chr9	115000000	116000000	1.05835
chr9	116000000	117000000	2.75517
chr9	117000000	118000000	1.06336
chr9	118000000	119000000	1.39881
chr9	119000000	120000000	0.877166
chr9	120000000	121000000	0.544346
chr9	121000000	122000000	1.45897
chr9	122000000	123000000	1.92946
chr9	123000000	124000000	0.517261
chr9	124000000	125000000	0.426085
chr9	125000000	126000000	1.34877
chr9	126000000	127000000	2.20419
chr9	127000000	128000000	0.748065
chr9	128000000	129000000	0.305815
chr9	129000000	130000000	1.4508
chr9	130000000	131000000	1.06055
chr9	131000000	132000000	0.950188
chr9	132000000	133000000	2.76526
chr9	133000000	134000000	1.62952
chr9	134000000	135000000	1.78419
chr9	135000000	136000000	3.46239
chr9	136000000	137000000	3.24921
chr9	137000000	138000000	5.49537
chr9	138000000	139000000	2.98611
chr9	139000000	140000000	0.887267
chr9	140000000	141000000	0.887267
chrX	0	1000000	2.73554
chrX	1000000	2000000	2.73554
chrX	2000000	3000000	2.73554
chrX	3000000	4000000	2.70309
chrX	4000000	5000000	1.54056
chrX	5000000	6000000	0.434943
chrX	6000000	7000000	1.24486
chrX	7000000	8000000	1.24486
chrX	8000000	9000000	1.49309
chrX	9000000	10000000	1.77532
chrX	10000000	11000000	1.82972
chrX	11000000	12000000	1.5201
chrX	12000000	13000000	2.80265
chrX	13000000	14000000	3.40417
chrX	14000000	15000000	0.63859
chrX	15000000	16000000	1.0094
chrX	16000000	17000000	0.44061
chrX	17000000	18000000	0.401563
chrX	18000000	19000000	1.50787
chrX	19000000	20000000	1.68706
chrX	20000000	21000000	0.934898
chrX	21000000	22000000	1.18336
chrX	22000000	23000000	2.98081
chrX	23000000	24000000	2.59715
chrX	24000000	25000000	0.664829
chrX	25000000	26000000	0.322413
chrX	26000000	27000000	0.211435
chrX	27000000	28000000	0.543736
chrX	28000000	29000000	0.455452
chrX	29000000	30000000	1.93081
chrX	30000000	31000000	0.5
chrX	31000000	32000000	2.09051
chrX	32000000	33000000	2.14123
chrX	33000000	34000000	2.10285
chrX	34000000	35000000	2.10285
chrX	35000000	36000000	1.62061
chrX	36000000	37000000	1.51678
chrX	37000000	38000000	1.51678
chrX	38000000	39000000	0.948376
chrX	39000000	40000000	1.75302
chrX	40000000	41000000	1.89683
chrX	41000000	42000000	1.89683
chrX	42000000	43000000	1.14708
chrX	43000000	44000000	0.785083
chrX	44000000	45000000	1.58115
chrX	45000000	46000000	1.89058
chrX	46000000	47000000	2.03993
chrX	47000000	48000000	1.03696
chrX	48000000	49000000	1.03696
chrX	49000000	50000000	0.475568
chrX	50000000	51000000	0.285306
chrX	51000000	52000000	0.660863
chrX	52000000	53000000	0.403831
chrX	53000000	54000000	1.11348
chrX	54000000	55000000	0.946521
chrX	55000000	56000000	0
chrX	56000000	57000000	0.001896
chrX	57000000	58000000	0.105559
chrX	62000000	63000000	0.105559
chrX	63000000	64000000	0.105559
chrX	64000000	65000000	0.159343
chrX	65000000	66000000	0.953407
chrX	66000000	67000000	0.737394
chrX	67000000	68000000	0.737394
chrX	68000000	69000000	1.15286
chrX	69000000	70000000	0.674207
chrX	70000000	71000000	1.00712
chrX	71000000	72000000	0.407467
chrX	72000000	73000000	0
chrX	73000000	74000000	0.552552
chrX	74000000	75000000	0.127448
chrX	75000000	76000000	0
chrX	76000000	77000000	0.037982
chrX	77000000	78000000	0.133587
chrX	78000000	79000000	0.218431
chrX	79000000	80000000	0.203081
chrX	80000000	81000000	0.246919
chrX	81000000	82000000	0
chrX	82000000	83000000	0.036986
chrX	83000000	84000000	0.167682
chrX	84000000	85000000	0.26377
chrX	85000000	86000000	0.511563
chrX	86000000	87000000	0.4
chrX	87000000	88000000	0.674202
chrX	88000000	89000000	1.16938
chrX	89000000	90000000	1.16938
chrX	90000000	91000000	1.16938
chrX	91000000	92000000	1.16938
chrX	92000000	93000000	0.898275
chrX	93000000	94000000	0.828428
chrX	94000000	95000000	0.829014
chrX	95000000	96000000	0.940615
chrX	96000000	97000000	1.0317
chrX	97000000	98000000	1.0317
chrX	98000000	99000000	1.0317
chrX	99000000	100000000	1.29369
chrX	100000000	101000000	1.59342
chrX	101000000	102000000	0.059731
chrX	102000000	103000000	0.217094
chrX	103000000	104000000	0.292906
chrX	104000000	105000000	0.066819
chrX	105000000	106000000	0.423591
chrX	106000000	107000000	0.006474
chrX	107000000	108000000	0.003116
chrX	108000000	109000000	0.40623
chrX	109000000	110000000	1.00188
chrX	110000000	111000000	1.00188
chrX	111000000	112000000	2.14639
chrX	112000000	113000000	1.13872
chrX	113000000	114000000	3.5067
chrX	114000000	115000000	1.07819
chrX	115000000	116000000	0.406272
chrX	116000000	117000000	0.914277
chrX	117000000	118000000	1.36384
chrX	118000000	119000000	1.53297
chrX	119000000	120000000	1.55862
chrX	120000000	121000000	1.61815
chrX	121000000	122000000	1.10019
chrX	122000000	123000000	0.839928
chrX	123000000	124000000	3.43712
chrX	124000000	125000000	2.00013
chrX	125000000	126000000	0.807815
chrX	126000000	127000000	0.288655
chrX	127000000	128000000	0.375637
chrX	128000000	129000000	0.375637
chrX	129000000	130000000	0.375637
chrX	130000000	131000000	2.65938
chrX	131000000	132000000	0.59178
chrX	132000000	133000000	0.985627
chrX	133000000	134000000	0.985627
chrX	134000000	135000000	1.82301
chrX	135000000	136000000	0.921395
chrX	136000000	137000000	0.668966
chrX	137000000	138000000	1.28121
chrX	138000000	139000000	1.69223
chrX	139000000	140000000	3.31507
chrX	140000000	141000000	4.16971
chrX	141000000	142000000	2.88051
chrX	142000000	143000000	2.91376
chrX	143000000	144000000	3.82429
chrX	144000000	145000000	2.34263
chrX	145000000	146000000	2.12343
chrX	146000000	147000000	1.25331
chrX	147000000	148000000	2.09578
chrX	148000000	149000000	2.07594
chrX	149000000	150000000	7.03589
chrX	150000000	151000000	4.11643
chrX	151000000	152000000	3.19983
chrX	152000000	153000000	1.88273
chrX	153000000	154000000	1.53661
chrX	154000000	155000000	0
chr10	0	1000000	1.99914
chr10	1000000	2000000	2.59026
chr10	2000000	3000000	5.13761
chr10	3000000	4000000	3.57295
chr10	4000000	5000000	2.47229
chr10	5000000	6000000	2.3273
chr10	6000000	7000000	2.37274
chr10	7000000	8000000	1.97549
chr10	8000000	9000000	2.72229
chr10	9000000	10000000	1.58739
chr10	10000000	11000000	1.03254
chr10	11000000	12000000	1.65018
chr10	12000000	13000000	2.44946
chr10	13000000	14000000	2.71878
chr10	14000000	15000000	1.77782
chr10	15000000	16000000	2.21346
chr10	16000000	17000000	2.32363
chr10	17000000	18000000	1.61859
chr10	18000000	19000000	1.31808
chr10	19000000	20000000	0.92269
chr10	20000000	21000000	0.695666
chr10	21000000	22000000	0.659391
chr10	22000000	23000000	0.282253
chr10	23000000	24000000	0.665323
chr10	24000000	25000000	1.83392
chr10	25000000	26000000	0.91953
chr10	26000000	27000000	1.22993
chr10	27000000	28000000	0.899834
chr10	28000000	29000000	1.76647
chr10	29000000	30000000	2.19494
chr10	30000000	31000000	3.19502
chr10	31000000	32000000	0.870835
chr10	32000000	33000000	0.303833
chr10	33000000	34000000	0.534187
chr10	34000000	35000000	0.791694
chr10	35000000	36000000	0.70449
chr10	36000000	37000000	0.764128
chr10	37000000	38000000	0.725872
chr10	38000000	39000000	0
chr10	43000000	44000000	0.724584
chr10	44000000	45000000	0.722659
chr10	45000000	46000000	0.710162
chr10	46000000	47000000	0.710162
chr10	47000000	48000000	0.710162
chr10	48000000	49000000	0.710162
chr10	49000000	50000000	0.632152
chr10	50000000	51000000	0.742219
chr10	51000000	52000000	0.514494
chr10	52000000	53000000	0.32784
chr10	53000000	54000000	0.880317
chr10	54000000	55000000	1.63825
chr10	55000000	56000000	0.373873
chr10	56000000	57000000	1.0927
chr10	57000000	58000000	0.678549
chr10	58000000	59000000	0.253785
chr10	59000000	60000000	0.473843
chr10	60000000	61000000	0.505224
chr10	61000000	62000000	2.2564
chr10	62000000	63000000	0.891356
chr10	63000000	64000000	1.13849
chr10	64000000	65000000	0.328613
chr10	65000000	66000000	0.839992
chr10	66000000	67000000	0.515895
chr10	67000000	68000000	0.661437
chr10	68000000	69000000	0.942277
chr10	69000000	70000000	0.749675
chr10	70000000	71000000	0.978444
chr10	71000000	72000000	2.68243
chr10	72000000	73000000	2.82804
chr10	73000000	74000000	2.27869
chr10	74000000	75000000	0.657124
chr10	75000000	76000000	0.02732
chr10	76000000	77000000	0.434548
chr10	77000000	78000000	0.980981
chr10	78000000	79000000	1.49764
chr10	79000000	80000000	1.16786
chr10	80000000	81000000	1.37467
chr10	81000000	82000000	1.42702
chr10	82000000	83000000	1.15996
chr10	83000000	84000000	1.26369
chr10	84000000	85000000	0.656725
chr10	85000000	86000000	1.85766
chr10	86000000	87000000	0.716866
chr10	87000000	88000000	0.672926
chr10	88000000	89000000	0.37066
chr10	89000000	90000000	0.355094
chr10	90000000	91000000	1.27679
chr10	91000000	92000000	1.1208
chr10	92000000	93000000	1.21213
chr10	93000000	94000000	0.285992
chr10	94000000	95000000	1.25151
chr10	95000000	96000000	2.02098
chr10	96000000	97000000	0.269062
chr10	97000000	98000000	0.865956
chr10	98000000	99000000	1.41951
chr10	99000000	100000000	1.30863
chr10	100000000	101000000	1.04199
chr10	101000000	102000000	0.083029
chr10	102000000	103000000	1.37552
chr10	103000000	104000000	0.693118
chr10	104000000	105000000	0.238412
chr10	105000000	106000000	0.599098
chr10	106000000	107000000	0.533847
chr10	107000000	108000000	0.71
chr10	108000000	109000000	0.926838
chr10	109000000	110000000	0.971042
chr10	110000000	111000000	0.45664
chr10	111000000	112000000	1.03257
chr10	112000000	113000000	1.00291
chr10	113000000	114000000	0.506877
chr10	114000000	115000000	1.39199
chr10	115000000	116000000	1.88205
chr10	116000000	117000000	2.41908
chr10	117000000	118000000	1.24074
chr10	118000000	119000000	1.60739
chr10	119000000	120000000	2.60595
chr10	120000000	121000000	1.54124
chr10	121000000	122000000	1.71459
chr10	122000000	123000000	1.55046
chr10	123000000	124000000	2.21967
chr10	124000000	125000000	1.31241
chr10	125000000	126000000	2.54875
chr10	126000000	127000000	2.70633
chr10	127000000	128000000	2.80564
chr10	128000000	129000000	2.16882
chr10	129000000	130000000	1.96482
chr10	130000000	131000000	5.53431
chr10	131000000	132000000	3.21296
chr10	132000000	133000000	3.44454
chr10	133000000	134000000	3.088
chr10	134000000	135000000	1.09338
chr11	0	1000000	0
chr11	1000000	2000000	1.37837
chr11	2000000	3000000	2.42508
chr11	3000000	4000000	1.97264
chr11	4000000	5000000	1.73727
chr11	5000000	6000000	2.25665
chr11	6000000	7000000	1.62394
chr11	7000000	8000000	1.967
chr11	8000000	9000000	2.23836
chr11	9000000	10000000	0.896412
chr11	10000000	11000000	1.02429
chr11	11000000	12000000	2.7957
chr11	12000000	13000000	1.7637
chr11	13000000	14000000	0.643132
chr11	14000000	15000000	0.425479
chr11	15000000	16000000	1.23217
chr11	16000000	17000000	1.15675
chr11	17000000	18000000	1.89045
chr11	18000000	19000000	1.02453
chr11	19000000	20000000	4.43614
chr11	20000000	21000000	2.71422
chr11	21000000	22000000	1.44685
chr11	22000000	23000000	1.43138
chr11	23000000	24000000	1.39898
chr11	24000000	25000000	1.73887
chr11	25000000	26000000	1.17741
chr11	26000000	27000000	0.979342
chr11	27000000	28000000	0.829666
chr11	28000000	29000000	0.527445
chr11	29000000	30000000	1.00777
chr11	30000000	31000000	0.93964
chr11	31000000	32000000	0.274118
chr11	32000000	33000000	0.481247
chr11	33000000	34000000	2.65681
chr11	34000000	35000000	0.876613
chr11	35000000	36000000	1.5371
chr11	36000000	37000000	2.1758
chr11	37000000	38000000	1.05825
chr11	38000000	39000000	0.130413
chr11	39000000	40000000	0.64006
chr11	40000000	41000000	0.504181
chr11	41000000	42000000	0.825759
chr11	42000000	43000000	0.544365
chr11	43000000	44000000	0.876731
chr11	44000000	45000000	3.14891
chr11	45000000	46000000	0.598912
chr11	46000000	47000000	0.275286
chr11	47000000	48000000	0.125802
chr11	48000000	49000000	0
chr11	49000000	50000000	0.052498
chr11	50000000	51000000	0.077736
chr11	55000000	56000000	0
chr11	56000000	57000000	0.107302
chr11	57000000	58000000	0.132698
chr11	58000000	59000000	0.303984
chr11	59000000	60000000	0.446388
chr11	60000000	61000000	1.30659
chr11	61000000	62000000	1.31586
chr11	62000000	63000000	1.19794
chr11	63000000	64000000	0.966997
chr11	64000000	65000000	0.915263
chr11	65000000	66000000	0.887043
chr11	66000000	67000000	0.472075
chr11	67000000	68000000	0.267014
chr11	68000000	69000000	1.96792
chr11	69000000	70000000	1.93965
chr11	70000000	71000000	1.54168
chr11	71000000	72000000	0.764469
chr11	72000000	73000000	1.13609
chr11	73000000	74000000	1.03465
chr11	74000000	75000000	0.423241
chr11	75000000	76000000	0.677384
chr11	76000000	77000000	1.51652
chr11	77000000	78000000	0.46625
chr11	78000000	79000000	1.48215
chr11	79000000	80000000	2.03619
chr11	80000000	81000000	0.743698
chr11	81000000	82000000	0.61018
chr11	82000000	83000000	0.589886
chr11	83000000	84000000	0.543405
chr11	84000000	85000000	0.44521
chr11	85000000	86000000	0.152285
chr11	86000000	87000000	1.22462
chr11	87000000	88000000	0.751913
chr11	88000000	89000000	0.160384
chr11	89000000	90000000	0.43413
chr11	90000000	91000000	0.660062
chr11	91000000	92000000	0.44532
chr11	92000000	93000000	1.04376
chr11	93000000	94000000	0.401556
chr11	94000000	95000000	0.938673
chr11	95000000	96000000	1.83612
chr11	96000000	97000000	2.13731
chr11	97000000	98000000	0.609863
chr11	98000000	99000000	1.14629
chr11	99000000	100000000	0.489527
chr11	100000000	101000000	0.869311
chr11	101000000	102000000	0.559351
chr11	102000000	103000000	0.589755
chr11	103000000	104000000	0.613196
chr11	104000000	105000000	0.545058
chr11	105000000	106000000	0.800423
chr11	106000000	107000000	0.482158
chr11	107000000	108000000	0.570009
chr11	108000000	109000000	0.660982
chr11	109000000	110000000	0.801203
chr11	110000000	111000000	0.783302
chr11	111000000	112000000	0.995003
chr11	112000000	113000000	1.76548
chr11	113000000	114000000	1.53794
chr11	114000000	115000000	1.41852
chr11	115000000	116000000	0.828781
chr11	116000000	117000000	1.9371
chr11	117000000	118000000	2.03554
chr11	118000000	119000000	0.637939
chr11	119000000	120000000	1.29967
chr11	120000000	121000000	2.01344
chr11	121000000	122000000	1.33774
chr11	122000000	123000000	2.26264
chr11	123000000	124000000	2.44594
chr11	124000000	125000000	1.14609
chr11	125000000	126000000	1.27218
chr11	126000000	127000000	3.08704
chr11	127000000	128000000	0.187962
chr11	128000000	129000000	2.72912
chr11	129000000	130000000	2.71233
chr11	130000000	131000000	2.71233
chr11	131000000	132000000	2.98536
chr11	132000000	133000000	2.85207
chr11	133000000	134000000	2.33552
chr11	134000000	135000000	0
chr12	0	1000000	1.23875
chr12	1000000	2000000	3.21507
chr12	2000000	3000000	1.81095
chr12	3000000	4000000	4.38132
chr12	4000000	5000000	3.42288
chr12	5000000	6000000	2.28102
chr12	6000000	7000000	2.59233
chr12	7000000	8000000	3.1886
chr12	8000000	9000000	1.59639
chr12	9000000	10000000	0.521644
chr12	10000000	11000000	1.06539
chr12	11000000	12000000	1.62053
chr12	12000000	13000000	2.64846
chr12	13000000	14000000	1.76208
chr12	14000000	15000000	1.61707
chr12	15000000	16000000	0.689749
chr12	16000000	17000000	1.65969
chr12	17000000	18000000	0.245735
chr12	18000000	19000000	0.689088
chr12	19000000	20000000	1.25697
chr12	20000000	21000000	1.80949
chr12	21000000	22000000	2.32491
chr12	22000000	23000000	0.875302
chr12	23000000	24000000	1.18707
chr12	24000000	25000000	2.10292
chr12	25000000	26000000	2.18877
chr12	26000000	27000000	1.149
chr12	27000000	28000000	1.51881
chr12	28000000	29000000	0.888318
chr12	29000000	30000000	1.19367
chr12	30000000	31000000	1.14098
chr12	31000000	32000000	1.19798
chr12	32000000	33000000	0.373487
chr12	33000000	34000000	0.197859
chr12	38000000	39000000	0.123491
chr12	39000000	40000000	0.123491
chr12	40000000	41000000	0.123491
chr12	41000000	42000000	0.794448
chr12	42000000	43000000	0.585312
chr12	43000000	44000000	0.552199
chr12	44000000	45000000	0.684532
chr12	45000000	46000000	0.696891
chr12	46000000	47000000	0.542913
chr12	47000000	48000000	1.76208
chr12	48000000	49000000	0.768836
chr12	49000000	50000000	0.685669
chr12	50000000	51000000	0.410391
chr12	51000000	52000000	1.08762
chr12	52000000	53000000	1.92529
chr12	53000000	54000000	1.87337
chr12	54000000	55000000	1.15198
chr12	55000000	56000000	1.06421
chr12	56000000	57000000	1.16616
chr12	57000000	58000000	0.491368
chr12	58000000	59000000	0.280112
chr12	59000000	60000000	0.860226
chr12	60000000	61000000	0.155503
chr12	61000000	62000000	0.404097
chr12	62000000	63000000	1.35869
chr12	63000000	64000000	1.14603
chr12	64000000	65000000	1.12463
chr12	65000000	66000000	1.16218
chr12	66000000	67000000	1.49817
chr12	67000000	68000000	1.44168
chr12	68000000	69000000	2.18832
chr12	69000000	70000000	0.303552
chr12	70000000	71000000	0.691728
chr12	71000000	72000000	0.940242
chr12	72000000	73000000	0.409514
chr12	73000000	74000000	0.475315
chr12	74000000	75000000	0.232581
chr12	75000000	76000000	0.63193
chr12	76000000	77000000	1.58492
chr12	77000000	78000000	1.58451
chr12	78000000	79000000	1.30383
chr12	79000000	80000000	1.30383
chr12	80000000	81000000	1.30383
chr12	81000000	82000000	0.554572
chr12	82000000	83000000	0.713731
chr12	83000000	84000000	0.967615
chr12	84000000	85000000	0.674092
chr12	85000000	86000000	0.014562
chr12	86000000	87000000	0
chr12	87000000	88000000	0.70068
chr12	88000000	89000000	0.433478
chr12	89000000	90000000	0.382186
chr12	90000000	91000000	0.47937
chr12	91000000	92000000	1.10158
chr12	92000000	93000000	1.44352
chr12	93000000	94000000	1.15967
chr12	94000000	95000000	1.61744
chr12	95000000	96000000	1.77583
chr12	96000000	97000000	1.10623
chr12	97000000	98000000	0.532184
chr12	98000000	99000000	1.4375
chr12	99000000	100000000	1.17316
chr12	100000000	101000000	0.614825
chr12	101000000	102000000	1.14535
chr12	102000000	103000000	1.23243
chr12	103000000	104000000	1.39895
chr12	104000000	105000000	1.37553
chr12	105000000	106000000	0.889318
chr12	106000000	107000000	3.0037
chr12	107000000	108000000	0.851185
chr12	108000000	109000000	1.2845
chr12	109000000	110000000	1.55275
chr12	110000000	111000000	0.635818
chr12	111000000	112000000	0.635818
chr12	112000000	113000000	1.18863
chr12	113000000	114000000	1.67927
chr12	114000000	115000000	1.77261
chr12	115000000	116000000	1.15851
chr12	116000000	117000000	1.55744
chr12	117000000	118000000	2.05958
chr12	118000000	119000000	2.47333
chr12	119000000	120000000	1.83123
chr12	120000000	121000000	0.910028
chr12	121000000	122000000	0.657949
chr12	122000000	123000000	0.295367
chr12	123000000	124000000	0.26384
chr12	124000000	125000000	1.19374
chr12	125000000	126000000	3.16133
chr12	126000000	127000000	3.19651
chr12	127000000	128000000	3.3543
chr12	128000000	129000000	4.13287
chr12	129000000	130000000	4.97725
chr12	130000000	131000000	4.90858
chr12	131000000	132000000	2.7829
chr12	132000000	133000000	1.30023
chr13	19000000	20000000	0
chr13	20000000	21000000	0.636232
chr13	21000000	22000000	2.0024
chr13	22000000	23000000	4.22233
chr13	23000000	24000000	1.95406
chr13	24000000	25000000	2.94271
chr13	25000000	26000000	2.85505
chr13	26000000	27000000	2.16389
chr13	27000000	28000000	1.66366
chr13	28000000	29000000	3.22094
chr13	29000000	30000000	1.58232
chr13	30000000	31000000	2.84645
chr13	31000000	32000000	2.55633
chr13	32000000	33000000	1.8453
chr13	33000000	34000000	1.26011
chr13	34000000	35000000	0.918838
chr13	35000000	36000000	1.47789
chr13	36000000	37000000	1.16651
chr13	37000000	38000000	1.80391
chr13	38000000	39000000	2.13285
chr13	39000000	40000000	1.50426
chr13	40000000	41000000	2.06031
chr13	41000000	42000000	0.423648
chr13	42000000	43000000	0.959023
chr13	43000000	44000000	1.49686
chr13	44000000	45000000	2.28282
chr13	45000000	46000000	1.17626
chr13	46000000	47000000	1.01178
chr13	47000000	48000000	1.09581
chr13	48000000	49000000	0.442013
chr13	49000000	50000000	0.76419
chr13	50000000	51000000	0.611654
chr13	51000000	52000000	1.77974
chr13	52000000	53000000	0.299229
chr13	53000000	54000000	0.712851
chr13	54000000	55000000	0.335885
chr13	55000000	56000000	0.12626
chr13	56000000	57000000	0.107246
chr13	57000000	58000000	0.038379
chr13	58000000	59000000	0.232455
chr13	59000000	60000000	0.442015
chr13	60000000	61000000	0.632998
chr13	61000000	62000000	0.77644
chr13	62000000	63000000	0.566093
chr13	63000000	64000000	0.062365
chr13	64000000	65000000	0.352893
chr13	65000000	66000000	0.706084
chr13	66000000	67000000	0.882238
chr13	67000000	68000000	0.502766
chr13	68000000	69000000	0.756996
chr13	69000000	70000000	0.157662
chr13	70000000	71000000	0.705987
chr13	71000000	72000000	1.2393
chr13	72000000	73000000	1.65284
chr13	73000000	74000000	1.67673
chr13	74000000	75000000	2.16557
chr13	75000000	76000000	1.58235
chr13	76000000	77000000	1.02476
chr13	77000000	78000000	0.661464
chr13	78000000	79000000	0.782951
chr13	79000000	80000000	1.34094
chr13	80000000	81000000	0.651076
chr13	81000000	82000000	0.930041
chr13	82000000	83000000	0.642126
chr13	83000000	84000000	0.346363
chr13	84000000	85000000	0.416498
chr13	85000000	86000000	0.41
chr13	86000000	87000000	0.285744
chr13	87000000	88000000	0.317999
chr13	88000000	89000000	0.499637
chr13	89000000	90000000	0.557848
chr13	90000000	91000000	1.14188
chr13	91000000	92000000	0.672757
chr13	92000000	93000000	1.14953
chr13	93000000	94000000	0.952147
chr13	94000000	95000000	1.43816
chr13	95000000	96000000	2.13113
chr13	96000000	97000000	1.0021
chr13	97000000	98000000	1.11899
chr13	98000000	99000000	1.86112
chr13	99000000	100000000	1.64235
chr13	100000000	101000000	1.5432
chr13	101000000	102000000	1.41333
chr13	102000000	103000000	1.50831
chr13	103000000	104000000	1.0752
chr13	104000000	105000000	2.60967
chr13	105000000	106000000	2.86243
chr13	106000000	107000000	3.27371
chr13	107000000	108000000	2.45068
chr13	108000000	109000000	3.58779
chr13	109000000	110000000	1.78711
chr13	110000000	111000000	2.84033
chr13	111000000	112000000	3.39592
chr13	112000000	113000000	2.89993
chr13	113000000	114000000	3.0047
chr13	114000000	115000000	1.69948
chr14	19000000	20000000	0.207768
chr14	20000000	21000000	1.68317
chr14	21000000	22000000	6.79422
chr14	22000000	23000000	2.32444
chr14	23000000	24000000	2.28871
chr14	24000000	25000000	2.12119
chr14	25000000	26000000	1.19379
chr14	26000000	27000000	2.23899
chr14	27000000	28000000	1.46898
chr14	28000000	29000000	0.213679
chr14	29000000	30000000	0.820711
chr14	30000000	31000000	1.16538
chr14	31000000	32000000	2.0389
chr14	32000000	33000000	2.75879
chr14	33000000	34000000	3.44301
chr14	34000000	35000000	3.03139
chr14	35000000	36000000	0.389287
chr14	36000000	37000000	1.34
chr14	37000000	38000000	1.45261
chr14	38000000	39000000	1.17027
chr14	39000000	40000000	0.518891
chr14	40000000	41000000	0.417906
chr14	41000000	42000000	0.352272
chr14	42000000	43000000	0.155605
chr14	43000000	44000000	0.422305
chr14	44000000	45000000	0.388132
chr14	45000000	46000000	0.575601
chr14	46000000	47000000	0.056412
chr14	47000000	48000000	0.44
chr14	48000000	49000000	0.58141
chr14	49000000	50000000	0.312805
chr14	50000000	51000000	1.30159
chr14	51000000	52000000	1.47508
chr14	52000000	53000000	0.826125
chr14	53000000	54000000	0.958813
chr14	54000000	55000000	2.09054
chr14	55000000	56000000	1.80382
chr14	56000000	57000000	1.74982
chr14	57000000	58000000	1.96113
chr14	58000000	59000000	0.972579
chr14	59000000	60000000	0.691445
chr14	60000000	61000000	0.195629
chr14	61000000	62000000	0.742292
chr14	62000000	63000000	0.966974
chr14	63000000	64000000	1.0649
chr14	64000000	65000000	0.735048
chr14	65000000	66000000	1.58463
chr14	66000000	67000000	0.910343
chr14	67000000	68000000	0.104467
chr14	68000000	69000000	0.287596
chr14	69000000	70000000	1.42297
chr14	70000000	71000000	0.940871
chr14	71000000	72000000	0.877603
chr14	72000000	73000000	1.01367
chr14	73000000	74000000	1.3298
chr14	74000000	75000000	0.671955
chr14	75000000	76000000	1.13419
chr14	76000000	77000000	1.75713
chr14	77000000	78000000	1.74451
chr14	78000000	79000000	1.13972
chr14	79000000	80000000	1.58216
chr14	80000000	81000000	0.526278
chr14	81000000	82000000	0.526278
chr14	82000000	83000000	0.83586
chr14	83000000	84000000	0.589232
chr14	84000000	85000000	0.461266
chr14	85000000	86000000	0.485302
chr14	86000000	87000000	1.44146
chr14	87000000	88000000	1.30906
chr14	88000000	89000000	0.356586
chr14	89000000	90000000	3.39356
chr14	90000000	91000000	2.61393
chr14	91000000	92000000	1.35517
chr14	92000000	93000000	1.24186
chr14	93000000	94000000	1.66866
chr14	94000000	95000000	2.13086
chr14	95000000	96000000	3.40519
chr14	96000000	97000000	2.13503
chr14	97000000	98000000	2.28778
chr14	98000000	99000000	1.84231
chr14	99000000	100000000	3.80651
chr14	100000000	101000000	2.64116
chr14	101000000	102000000	2.50869
chr14	102000000	103000000	2.96256
chr14	103000000	104000000	1.30995
chr14	104000000	105000000	0.633848
chr14	105000000	106000000	0
chr14	106000000	107000000	0
chr15	20000000	21000000	0.193477
chr15	21000000	22000000	0.193477
chr15	22000000	23000000	0.193477
chr15	23000000	24000000	0.193477
chr15	24000000	25000000	0.193477
chr15	25000000	26000000	3.28243
chr15	26000000	27000000	3.44442
chr15	27000000	28000000	3.77901
chr15	28000000	29000000	3.15417
chr15	29000000	30000000	2.72084
chr15	30000000	31000000	1.14941
chr15	31000000	32000000	2.2628
chr15	32000000	33000000	1.45103
chr15	33000000	34000000	3.51421
chr15	34000000	35000000	2.27197
chr15	35000000	36000000	1.8467
chr15	36000000	37000000	1.683
chr15	37000000	38000000	1.69955
chr15	38000000	39000000	1.01849
chr15	39000000	40000000	3.21351
chr15	40000000	41000000	1.34153
chr15	41000000	42000000	0.039885
chr15	42000000	43000000	0.255762
chr15	43000000	44000000	0.255762
chr15	44000000	45000000	0.335216
chr15	45000000	46000000	0.686563
chr15	46000000	47000000	1.15866
chr15	47000000	48000000	0.908148
chr15	48000000	49000000	1.51367
chr15	49000000	50000000	0.937735
chr15	50000000	51000000	0.594775
chr15	51000000	52000000	0.583821
chr15	52000000	53000000	0.2
chr15	53000000	54000000	1.57989
chr15	54000000	55000000	0.922943
chr15	55000000	56000000	0.817744
chr15	56000000	57000000	0.492899
chr15	57000000	58000000	0.774405
chr15	58000000	59000000	3.65135
chr15	59000000	60000000	1.60396
chr15	60000000	61000000	1.68568
chr15	61000000	62000000	1.67171
chr15	62000000	63000000	1.62716
chr15	63000000	64000000	0.835416
chr15	64000000	65000000	0.046839
chr15	65000000	66000000	0.590074
chr15	66000000	67000000	1.90095
chr15	67000000	68000000	1.37724
chr15	68000000	69000000	2.13754
chr15	69000000	70000000	1.2442
chr15	70000000	71000000	3.24365
chr15	71000000	72000000	0.968422
chr15	72000000	73000000	0.968422
chr15	73000000	74000000	0.474774
chr15	74000000	75000000	1.3741
chr15	75000000	76000000	0.123644
chr15	76000000	77000000	0.2411
chr15	77000000	78000000	0.995404
chr15	78000000	79000000	0.330481
chr15	79000000	80000000	1.72117
chr15	80000000	81000000	2.00555
chr15	81000000	82000000	1.21008
chr15	82000000	83000000	1.13609
chr15	83000000	84000000	1.02568
chr15	84000000	85000000	0.233672
chr15	85000000	86000000	0.14776
chr15	86000000	87000000	1.04787
chr15	87000000	88000000	1.76356
chr15	88000000	89000000	1.45407
chr15	89000000	90000000	1.91165
chr15	90000000	91000000	1.24361
chr15	91000000	92000000	2.09842
chr15	92000000	93000000	3.07573
chr15	93000000	94000000	4.09305
chr15	94000000	95000000	4.94205
chr15	95000000	96000000	2.79749
chr15	96000000	97000000	3.53357
chr15	97000000	98000000	2.89902
chr15	98000000	99000000	4.16891
chr15	99000000	100000000	3.93096
chr15	100000000	101000000	2.29133
chr15	101000000	102000000	2.29133
chr16	0	1000000	3.36882
chr16	1000000	2000000	2.90212
chr16	2000000	3000000	2.51947
chr16	3000000	4000000	1.52909
chr16	4000000	5000000	1.76414
chr16	5000000	6000000	1.88474
chr16	6000000	7000000	4.02703
chr16	7000000	8000000	3.1544
chr16	8000000	9000000	2.68459
chr16	9000000	10000000	1.23192
chr16	10000000	11000000	3.124
chr16	11000000	12000000	1.1218
chr16	12000000	13000000	1.40928
chr16	13000000	14000000	2.57013
chr16	14000000	15000000	1.83049
chr16	15000000	16000000	1.09798
chr16	16000000	17000000	0.747596
chr16	17000000	18000000	1.69006
chr16	18000000	19000000	1.49774
chr16	19000000	20000000	1.8046
chr16	20000000	21000000	1.19037
chr16	21000000	22000000	1.19804
chr16	22000000	23000000	1.1902
chr16	23000000	24000000	1.36235
chr16	24000000	25000000	1.93317
chr16	25000000	26000000	1.64396
chr16	26000000	27000000	2.45795
chr16	27000000	28000000	0.920688
chr16	28000000	29000000	0.982502
chr16	29000000	30000000	1.1756
chr16	30000000	31000000	0.785179
chr16	31000000	32000000	0.049615
chr16	32000000	33000000	0.068305
chr16	33000000	34000000	0.068305
chr16	34000000	35000000	0.068305
chr16	47000000	48000000	0.236259
chr16	48000000	49000000	0.307304
chr16	49000000	50000000	1.32846
chr16	50000000	51000000	1.39077
chr16	51000000	52000000	2.0395
chr16	52000000	53000000	2.3449
chr16	53000000	54000000	1.98537
chr16	54000000	55000000	1.61469
chr16	55000000	56000000	2.44614
chr16	56000000	57000000	1.35999
chr16	57000000	58000000	1.92716
chr16	58000000	59000000	1.84098
chr16	59000000	60000000	1.3854
chr16	60000000	61000000	1.82658
chr16	61000000	62000000	0.774519
chr16	62000000	63000000	0.575551
chr16	63000000	64000000	0.897085
chr16	64000000	65000000	0.916647
chr16	65000000	66000000	0.873032
chr16	66000000	67000000	0.792418
chr16	67000000	68000000	0.100818
chr16	68000000	69000000	0.549588
chr16	69000000	70000000	0.808593
chr16	70000000	71000000	0.525646
chr16	71000000	72000000	0.536172
chr16	72000000	73000000	0.8077
chr16	73000000	74000000	1.77129
chr16	74000000	75000000	1.33626
chr16	75000000	76000000	0.671508
chr16	76000000	77000000	1.28835
chr16	77000000	78000000	1.77041
chr16	78000000	79000000	2.20845
chr16	79000000	80000000	3.43438
chr16	80000000	81000000	2.71836
chr16	81000000	82000000	2.95498
chr16	82000000	83000000	3.4598
chr16	83000000	84000000	4.20224
chr16	84000000	85000000	3.86799
chr16	85000000	86000000	3.42475
chr16	86000000	87000000	3.57059
chr16	87000000	88000000	2.63725
chr16	88000000	89000000	1.92561
chr16	89000000	90000000	0.690091
chr17	0	1000000	2.85465
chr17	1000000	2000000	4.38559
chr17	2000000	3000000	1.04928
chr17	3000000	4000000	2.60039
chr17	4000000	5000000	1.74128
chr17	5000000	6000000	3.65034
chr17	6000000	7000000	3.53699
chr17	7000000	8000000	1.51008
chr17	8000000	9000000	2.51116
chr17	9000000	10000000	4.99325
chr17	10000000	11000000	2.86654
chr17	11000000	12000000	2.79658
chr17	12000000	13000000	2.03003
chr17	13000000	14000000	3.94385
chr17	14000000	15000000	3.33042
chr17	15000000	16000000	2.23531
chr17	16000000	17000000	0.994549
chr17	17000000	18000000	0.870877
chr17	18000000	19000000	0.740663
chr17	19000000	20000000	0.576285
chr17	20000000	21000000	0.715765
chr17	21000000	22000000	0.226365
chr17	26000000	27000000	0.496519
chr17	27000000	28000000	0.702047
chr17	28000000	29000000	0.366676
chr17	29000000	30000000	0.655559
chr17	30000000	31000000	1.8683
chr17	31000000	32000000	2.06883
chr17	32000000	33000000	4.44731
chr17	33000000	34000000	0.796812
chr17	34000000	35000000	1.44415
chr17	35000000	36000000	1.73189
chr17	36000000	37000000	0.977146
chr17	37000000	38000000	1.44809
chr17	38000000	39000000	0.928301
chr17	39000000	40000000	1.02779
chr17	40000000	41000000	0.991161
chr17	41000000	42000000	0.843976
chr17	42000000	43000000	0.419943
chr17	43000000	44000000	0.820001
chr17	44000000	45000000	0.221925
chr17	45000000	46000000	0.541351
chr17	46000000	47000000	0.171571
chr17	47000000	48000000	1.29779
chr17	48000000	49000000	2.39935
chr17	49000000	50000000	0.786983
chr17	50000000	51000000	0.540367
chr17	51000000	52000000	0.555269
chr17	52000000	53000000	0.772662
chr17	53000000	54000000	2.38534
chr17	54000000	55000000	2.82836
chr17	55000000	56000000	1.79376
chr17	56000000	57000000	0.763403
chr17	57000000	58000000	0.763403
chr17	58000000	59000000	0.442904
chr17	59000000	60000000	1.29363
chr17	60000000	61000000	1.46422
chr17	61000000	62000000	0.558965
chr17	62000000	63000000	0.469476
chr17	63000000	64000000	1.1327
chr17	64000000	65000000	1.94172
chr17	65000000	66000000	1.80587
chr17	66000000	67000000	1.54
chr17	67000000	68000000	1.73319
chr17	68000000	69000000	2.05554
chr17	69000000	70000000	1.3956
chr17	70000000	71000000	2.08636
chr17	71000000	72000000	3.39412
chr17	72000000	73000000	2.93489
chr17	73000000	74000000	1.33353
chr17	74000000	75000000	2.23084
chr17	75000000	76000000	3.60334
chr17	76000000	77000000	2.89131
chr17	77000000	78000000	6.45689
chr17	78000000	79000000	2.45745
chr17	79000000	80000000	2.45745
chr17	80000000	81000000	0.649197
chr18	0	1000000	2.1432
chr18	1000000	2000000	2.13098
chr18	2000000	3000000	4.17422
chr18	3000000	4000000	3.31464
chr18	4000000	5000000	3.58555
chr18	5000000	6000000	3.10554
chr18	6000000	7000000	4.68627
chr18	7000000	8000000	3.49065
chr18	8000000	9000000	2.71409
chr18	9000000	10000000	3.22766
chr18	10000000	11000000	3.46771
chr18	11000000	12000000	2.24669
chr18	12000000	13000000	1.4428
chr18	13000000	14000000	0.405289
chr18	14000000	15000000	0.500931
chr18	19000000	20000000	0.28015
chr18	20000000	21000000	1.27865
chr18	21000000	22000000	1.37355
chr18	22000000	23000000	1.85744
chr18	23000000	24000000	1.23789
chr18	24000000	25000000	1.88263
chr18	25000000	26000000	1.14306
chr18	26000000	27000000	0.940713
chr18	27000000	28000000	0.811097
chr18	28000000	29000000	0.867664
chr18	29000000	30000000	0.560059
chr18	30000000	31000000	0.470565
chr18	31000000	32000000	0.536581
chr18	32000000	33000000	0.94
chr18	33000000	34000000	0.665072
chr18	34000000	35000000	0.854502
chr18	35000000	36000000	1.38497
chr18	36000000	37000000	0.290405
chr18	37000000	38000000	0.708389
chr18	38000000	39000000	0.718183
chr18	39000000	40000000	0.853616
chr18	40000000	41000000	0.398369
chr18	41000000	42000000	0.595822
chr18	42000000	43000000	1.04572
chr18	43000000	44000000	1.50703
chr18	44000000	45000000	1.3952
chr18	45000000	46000000	1.68273
chr18	46000000	47000000	1.70415
chr18	47000000	48000000	1.28112
chr18	48000000	49000000	1.29993
chr18	49000000	50000000	1.49571
chr18	50000000	51000000	0.340277
chr18	51000000	52000000	0.718863
chr18	52000000	53000000	0.533798
chr18	53000000	54000000	0.913072
chr18	54000000	55000000	0.875155
chr18	55000000	56000000	1.63112
chr18	56000000	57000000	1.33215
chr18	57000000	58000000	2.56845
chr18	58000000	59000000	1.93259
chr18	59000000	60000000	1.35728
chr18	60000000	61000000	1.06842
chr18	61000000	62000000	1.53951
chr18	62000000	63000000	1.33277
chr18	63000000	64000000	1.84297
chr18	64000000	65000000	0.26508
chr18	65000000	66000000	1.78655
chr18	66000000	67000000	1.45513
chr18	67000000	68000000	1.94039
chr18	68000000	69000000	0.795933
chr18	69000000	70000000	1.39217
chr18	70000000	71000000	2.90744
chr18	71000000	72000000	4.01792
chr18	72000000	73000000	2.51911
chr18	73000000	74000000	2.12825
chr18	74000000	75000000	3.28473
chr18	75000000	76000000	2.70029
chr18	76000000	77000000	2.98947
chr18	77000000	78000000	0.78024
chr19	0	1000000	0.003437
chr19	1000000	2000000	4.55559
chr19	2000000	3000000	4.88576
chr19	3000000	4000000	4.20535
chr19	4000000	5000000	3.19563
chr19	5000000	6000000	2.49166
chr19	6000000	7000000	3.54293
chr19	7000000	8000000	2.33559
chr19	8000000	9000000	2.7082
chr19	9000000	10000000	1.91457
chr19	10000000	11000000	1.60588
chr19	11000000	12000000	0.775418
chr19	12000000	13000000	0.619537
chr19	13000000	14000000	1.95956
chr19	14000000	15000000	1.9528
chr19	15000000	16000000	1.79707
chr19	16000000	17000000	1.54561
chr19	17000000	18000000	3.55751
chr19	18000000	19000000	1.8149
chr19	19000000	20000000	1.07353
chr19	20000000	21000000	0.919482
chr19	21000000	22000000	0.146413
chr19	22000000	23000000	0.212861
chr19	23000000	24000000	0.196685
chr19	28000000	29000000	0.399596
chr19	29000000	30000000	1.1177
chr19	30000000	31000000	1.56777
chr19	31000000	32000000	1.99065
chr19	32000000	33000000	1.74857
chr19	33000000	34000000	0.846276
chr19	34000000	35000000	2.12612
chr19	35000000	36000000	3.07429
chr19	36000000	37000000	1.4672
chr19	37000000	38000000	0.356342
chr19	38000000	39000000	0.622778
chr19	39000000	40000000	1.29734
chr19	40000000	41000000	1.13907
chr19	41000000	42000000	1.44349
chr19	42000000	43000000	0.883012
chr19	43000000	44000000	0.545501
chr19	44000000	45000000	1.71013
chr19	45000000	46000000	1.36468
chr19	46000000	47000000	2.12313
chr19	47000000	48000000	1.01395
chr19	48000000	49000000	2.86203
chr19	49000000	50000000	2.79143
chr19	50000000	51000000	2.13487
chr19	51000000	52000000	5.19248
chr19	52000000	53000000	3.5787
chr19	53000000	54000000	3.71474
chr19	54000000	55000000	5.65338
chr19	55000000	56000000	3.92642
chr19	56000000	57000000	3.04104
chr19	57000000	58000000	1.1946
chr19	58000000	59000000	0
chr20	0	1000000	5.18591
chr20	1000000	2000000	1.99629
chr20	2000000	3000000	2.96103
chr20	3000000	4000000	1.90404
chr20	4000000	5000000	2.91333
chr20	5000000	6000000	5.1591
chr20	6000000	7000000	2.45486
chr20	7000000	8000000	3.15977
chr20	8000000	9000000	1.99046
chr20	9000000	10000000	2.50597
chr20	10000000	11000000	2.26372
chr20	11000000	12000000	2.78697
chr20	12000000	13000000	1.63209
chr20	13000000	14000000	0.914524
chr20	14000000	15000000	0.376863
chr20	15000000	16000000	3.73552
chr20	16000000	17000000	2.33997
chr20	17000000	18000000	1.20821
chr20	18000000	19000000	1.70231
chr20	19000000	20000000	1.74334
chr20	20000000	21000000	2.44572
chr20	21000000	22000000	0
chr20	22000000	23000000	1.43654
chr20	23000000	24000000	1.04677
chr20	24000000	25000000	0.844054
chr20	25000000	26000000	0.117957
chr20	30000000	31000000	0.253104
chr20	31000000	32000000	1.03639
chr20	32000000	33000000	0.538542
chr20	33000000	34000000	0.065453
chr20	34000000	35000000	0.330075
chr20	35000000	36000000	0.76048
chr20	36000000	37000000	2.08171
chr20	37000000	38000000	0.657319
chr20	38000000	39000000	1.03593
chr20	39000000	40000000	1.25531
chr20	40000000	41000000	1.56141
chr20	41000000	42000000	1.68456
chr20	42000000	43000000	2.05511
chr20	43000000	44000000	0.868383
chr20	44000000	45000000	0.889317
chr20	45000000	46000000	2.41566
chr20	46000000	47000000	2.21359
chr20	47000000	48000000	0.831312
chr20	48000000	49000000	1.87014
chr20	49000000	50000000	2.62929
chr20	50000000	51000000	1.63514
chr20	51000000	52000000	2.08642
chr20	52000000	53000000	2.69378
chr20	53000000	54000000	1.5117
chr20	54000000	55000000	2.87818
chr20	55000000	56000000	2.4353
chr20	56000000	57000000	2.56203
chr20	57000000	58000000	2.53745
chr20	58000000	59000000	0
chr20	59000000	60000000	0
chr20	60000000	61000000	0
chr20	61000000	62000000	0
chr20	62000000	63000000	0
chr21	9000000	10000000	0.242012
chr21	10000000	11000000	0.242012
chr21	15000000	16000000	2.05734
chr21	16000000	17000000	2.23389
chr21	17000000	18000000	2.93576
chr21	18000000	19000000	1.54427
chr21	19000000	20000000	3.04356
chr21	20000000	21000000	1.74619
chr21	21000000	22000000	2.05441
chr21	22000000	23000000	1.82205
chr21	23000000	24000000	0.691186
chr21	24000000	25000000	1.37074
chr21	25000000	26000000	1.6762
chr21	26000000	27000000	0.727566
chr21	27000000	28000000	1.70665
chr21	28000000	29000000	2.69
chr21	29000000	30000000	1.1
chr21	30000000	31000000	0.167946
chr21	31000000	32000000	1.11689
chr21	32000000	33000000	1.32553
chr21	33000000	34000000	2.50276
chr21	34000000	35000000	2.01895
chr21	35000000	36000000	2.00184
chr21	36000000	37000000	1.9611
chr21	37000000	38000000	1.35078
chr21	38000000	39000000	1.80036
chr21	39000000	40000000	2.40596
chr21	40000000	41000000	2.78028
chr21	41000000	42000000	3.23228
chr21	42000000	43000000	3.53447
chr21	43000000	44000000	4.41139
chr21	44000000	45000000	2.61248
chr21	45000000	46000000	1.33699
chr21	46000000	47000000	0
chr21	47000000	48000000	0
chr22	16000000	17000000	0.165738
chr22	17000000	18000000	0.687693
chr22	18000000	19000000	3.28418
chr22	19000000	20000000	2.42196
chr22	20000000	21000000	2.42196
chr22	21000000	22000000	2.42196
chr22	22000000	23000000	1.33865
chr22	23000000	24000000	2.34393
chr22	24000000	25000000	1.32662
chr22	25000000	26000000	3.5255
chr22	26000000	27000000	3.56244
chr22	27000000	28000000	4.96849
chr22	28000000	29000000	1.92125
chr22	29000000	30000000	0.851942
chr22	30000000	31000000	0.658856
chr22	31000000	32000000	0.209533
chr22	32000000	33000000	2.01854
chr22	33000000	34000000	1.23134
chr22	34000000	35000000	1.04761
chr22	35000000	36000000	1.25056
chr22	36000000	37000000	1.8926
chr22	37000000	38000000	3.55944
chr22	38000000	39000000	1.43454
chr22	39000000	40000000	1.38362
chr22	40000000	41000000	0.612289
chr22	41000000	42000000	0.085883
chr22	42000000	43000000	0.606814
chr22	43000000	44000000	0.924258
chr22	44000000	45000000	4.80252
chr22	45000000	46000000	3.62946
chr22	46000000	47000000	3.38411
chr22	47000000	48000000	2.42484
chr22	48000000	49000000	2.42484
chr22	49000000	50000000	1.34424
chr22	50000000	51000000	0
